0,0,0,0,0,0,0,0,0,left
0,-1,0,0,0,0,0,0,0,up
0,0,0,-1,-1,0,0,0,0,left
0,-1,0,0,-1,-1,0,0,0,up
0,0,0,0,-1,-1,0,-1,-1,right
0,-1,0,-1,-1,0,-1,-1,0,up
0,0,0,-1,-1,0,-1,-1,0,left
0,0,0,-1,-1,-1,0,-1,-1,left
0,-1,0,0,-1,-1,0,0,-1,up
0,0,0,0,-1,0,0,-1,-1,up
-12,-12,-12,0,0,-1,0,-1,0,right
-12,-12,-12,-1,-1,0,-1,0,0,left
-12,-12,-12,-1,-1,-1,0,-1,0,left
-12,-12,-12,0,-1,-1,0,-1,-1,down
0,-1,-1,-1,-1,-1,0,0,-1,left
-12,-1,-1,-12,-1,-1,-12,0,0,up
-12,-12,-12,-12,-1,-2,-12,-1,-1,right
-12,-12,-12,-1,-2,-2,-1,-1,-1,right
-12,-12,-12,-2,-2,-1,-1,-2,0,down
-2,-2,-1,-1,-2,-1,0,-1,-1,right
0,0,0,0,0,0,0,0,0,left
0,0,0,0,0,0,0,-1,0,down
0,0,0,0,-1,-1,1,0,1,right
0,0,0,-1,-1,0,0,0,0,down
-1,-1,0,0,0,-1,0,0,1,right
-1,0,0,0,-1,0,0,0,0,down
0,-1,0,-1,0,0,left
0,0,-1,0,-1,0,down
0,-1,0,right
-1,0,0,left
0,-1,0,left
0,0,-1,left
0,-1,0,up
0,0,0,0,-1,0,up
0,-1,-1,0,0,0,0,-1,0,up
0,-1,0,0,-1,-1,0,0,0,up
0,-1,0,0,-1,0,0,-1,-1,up
0,0,0,0,-1,-1,0,-1,0,right
0,-1,0,-1,-1,0,-1,0,0,up
0,0,0,-1,-1,0,-1,-1,0,left
0,0,0,0,0,0,0,0,0,left
0,0,0,0,0,0,0,-1,0,down
0,0,0,0,-1,-1,1,0,1,right
0,0,0,-1,-1,0,0,0,0,down
-1,-1,0,0,0,-1,0,0,1,right
-1,0,0,0,-1,0,0,0,0,down
0,-1,0,0,0,0,down
0,0,0,left
0,-1,0,up
0,-1,-1,0,-1,0,up
-1,-1,0,-1,-1,-1,0,-1,0,left
0,-1,-1,0,-1,-1,0,0,-1,left
0,-1,-1,0,0,-1,0,0,0,up
0,0,0,-1,-1,-1,0,0,-1,left
0,-1,0,0,-1,-1,0,0,0,up
0,-1,0,0,-1,0,0,-1,-1,up
0,-1,0,0,-1,0,0,-1,0,up
0,-1,0,0,-1,0,0,-1,0,up
0,0,0,-1,-1,0,0,-1,0,left
0,0,0,0,-1,-1,0,-1,-1,down
0,0,0,0,0,0,0,0,0,left
0,-1,0,0,0,0,0,0,0,up
0,0,0,-1,-1,0,0,0,0,left
0,0,0,-1,-1,-1,0,0,0,left
0,0,0,0,-1,-1,0,-1,0,down
0,-1,-1,0,-1,-1,0,0,0,right
-1,-1,-1,-1,-1,0,0,-1,0,down
-1,-1,0,0,-1,0,0,0,0,down
0,-1,0,-1,0,0,0,0,0,left
0,-1,-1,0,-1,0,0,0,0,up
0,-1,-1,-1,-1,-1,0,-1,0,left
0,0,-1,-1,-1,-1,0,0,-1,left
-12,-1,0,-12,-1,-1,-12,0,0,up
-12,-1,0,-12,-1,0,-12,-1,-1,up
-12,-1,0,-12,-1,0,-12,-1,0,up
-12,0,0,-12,-1,-1,-12,-1,0,right
0,0,0,-1,-1,-1,-1,0,-1,right
0,0,0,-1,-1,-1,0,-1,-1,right
0,-1,0,-1,-1,0,-1,-1,-1,up
0,0,0,-1,-1,0,-1,-1,0,left
0,0,0,0,0,0,0,0,0,left
0,0,0,-1,0,0,0,0,0,left
0,-1,0,0,-1,0,0,0,0,up
0,0,0,-1,-1,0,0,-1,0,left
0,0,0,0,-1,-1,0,-1,-1,down
0,-1,-1,-1,-1,-1,0,0,0,left
0,0,-1,-1,-1,-1,0,0,0,left
-12,0,0,-12,-1,-1,-12,-1,0,down
-12,-1,-1,-12,-1,-1,-12,0,0,right
-1,-1,-1,-1,-1,-1,0,0,0,right
-1,-1,-1,-1,-1,-1,0,0,1,right
-1,-1,0,-1,-1,0,0,0,0,down
-1,-1,0,0,0,0,0,-1,0,down
0,0,0,0,-1,0,down
0,-1,0,right
-1,0,0,right
0,-1,1,up
0,0,0,0,-1,1,up
0,0,0,0,0,-1,0,-1,1,right
0,0,0,0,-1,0,-1,0,0,down
0,0,0,0,0,0,0,0,0,left
0,0,0,0,0,0,0,-1,0,down
0,0,0,0,-1,-1,1,0,1,right
0,0,0,-1,-1,0,0,0,0,down
-1,-1,0,0,0,-1,0,0,1,right
-1,0,0,0,-1,0,0,0,0,down
0,-1,0,0,0,-1,right
-1,0,0,0,-1,0,down
0,-1,0,right
-1,-1,up
0,-1,-1,-1,up
0,-1,0,-1,-1,-1,up
0,0,-1,-1,0,-1,left
0,0,0,-1,-1,-1,-1,0,-1,left
0,-1,0,-1,-1,-1,0,-1,0,up
0,0,0,0,-1,-1,-1,-1,-1,right
0,-1,0,-1,-1,0,-1,-1,-1,up
0,-1,0,0,-1,0,-1,-1,0,up
1,0,0,-1,-1,0,0,-1,0,left
0,0,0,0,-1,-1,0,0,-1,up
0,0,0,0,0,0,0,0,0,left
0,0,0,0,0,0,0,-1,0,down
0,0,0,0,-1,-1,1,0,1,right
0,0,0,-1,-1,0,0,0,0,down
-1,-1,0,0,0,-1,0,0,1,right
-1,0,0,0,-1,0,0,0,0,down
0,-1,0,0,0,-1,right
-1,0,0,0,-1,0,down
0,-1,0,right
-1,-1,up
0,-1,-1,-1,up
0,-1,0,-1,-1,-1,up
0,0,-1,-1,0,-1,left
0,0,0,-1,-1,-1,-1,0,-1,left
0,-1,0,-1,-1,-1,0,-1,0,up
0,0,0,0,-1,-1,-1,-1,-1,right
0,-1,0,-1,-1,0,-1,-1,-1,up
0,-1,0,0,-1,0,-1,-1,0,up
1,0,0,-1,-1,0,0,-1,0,left
0,0,0,0,-1,-1,0,0,-1,up
0,0,0,0,0,0,0,0,0,left
0,0,0,0,0,0,0,-1,0,down
0,0,0,0,-1,-1,1,0,1,right
0,0,0,-1,-1,0,0,0,0,down
-1,-1,0,0,0,-1,0,0,1,right
-1,0,0,0,-1,0,0,0,0,down
0,-1,0,0,0,-1,right
-1,0,0,0,-1,0,down
0,-1,0,right
-1,-1,up
0,-1,-1,-1,up
0,-1,0,-1,-1,-1,up
0,0,-1,-1,0,-1,left
0,0,0,-1,-1,-1,-1,0,-1,left
0,-1,0,-1,-1,-1,0,-1,0,up
0,0,0,0,-1,-1,-1,-1,-1,right
0,-1,0,-1,-1,0,-1,-1,-1,up
0,-1,0,0,-1,0,-1,-1,0,up
1,0,0,-1,-1,0,0,-1,0,left
0,0,0,0,-1,-1,0,0,-1,up
0,0,0,0,0,0,0,-1,0,down
0,0,0,-1,-1,0,0,0,0,left
0,-1,0,0,-1,-1,0,0,0,up
0,-1,0,0,-1,0,0,-1,-1,up
0,-1,1,0,-1,0,0,-1,0,up
0,0,0,0,-1,0,0,-1,0,right
0,-1,0,-1,0,0,-1,0,0,up
0,-1,0,0,-1,0,-1,0,0,up
0,-1,1,0,-1,0,0,-1,0,up
-12,-12,-12,0,-1,0,0,-1,0,right
-12,-12,-12,-1,0,0,-1,-1,0,down
-1,-1,0,-1,-1,0,-1,0,0,up
-12,-12,-12,-1,-1,-1,-1,-1,0,right
-12,-12,-12,-1,-1,-1,-1,0,0,right
-12,-12,-1,-1,0,0,right
-12,-1,0,down
-1,0,1,down
-1,0,1,down
-1,0,1,down
-1,0,1,down
0,0,0,-1,0,0,0,0,0,left
0,0,0,0,-1,-1,0,0,0,right
0,0,0,-1,-1,0,0,-1,0,down
-1,-1,0,-1,-1,0,0,0,0,left
0,-1,-1,-1,-1,-1,0,0,0,left
0,-1,-1,0,-1,-1,0,0,0,up
0,0,0,-1,-1,-1,0,-1,-1,left
0,0,0,0,-2,-1,1,0,-1,left
0,0,0,0,-3,-1,1,0,-1,left
0,0,0,0,-4,-1,1,0,-1,left
0,0,0,0,-5,-1,1,0,-1,left
0,0,0,0,-6,-1,1,0,-1,left
0,0,0,0,0,0,0,0,0,left
0,0,0,-1,0,0,0,0,0,left
0,0,0,0,-1,-1,0,0,0,right
0,-1,0,-1,-1,0,0,0,0,up
0,0,0,-1,-1,0,-1,-1,0,left
0,0,0,-1,-1,-1,0,-1,-1,left
0,-1,0,0,-1,-1,0,0,-1,up
0,-1,0,0,-1,0,0,-1,-1,up
0,-1,0,0,-1,0,0,-1,0,up
0,0,0,0,-1,0,0,-1,0,up
-12,-12,-12,-1,0,0,0,-1,0,left
-12,-12,-12,0,-1,-1,0,0,-1,right
-12,-12,-12,-1,-1,-1,0,-1,0,right
-12,-12,-12,-1,-1,-1,-1,0,0,right
-12,-12,-12,-1,-1,0,0,-1,0,down
-1,-1,0,0,-1,0,0,-1,0,down
0,-1,0,0,-1,0,0,-1,0,down
0,-1,0,0,-1,-1,-1,-1,0,right
-1,-1,1,-1,-1,0,-1,0,0,up
-1,0,1,-1,-1,0,-1,-1,0,right
0,0,0,0,0,0,0,0,0,left
0,0,0,-1,0,0,0,0,0,left
0,-1,0,0,-1,0,0,0,0,up
0,0,0,-1,-1,0,0,-1,0,left
0,0,0,0,-1,-1,0,-1,-1,down
0,-1,-1,-1,-1,-1,0,0,0,left
0,-1,-1,0,-1,-1,0,0,0,up
0,0,0,-1,-1,-1,0,-1,-1,left
-12,0,0,-12,-1,-1,-12,-1,-1,down
-12,-1,-1,-12,-1,-1,-12,-1,0,down
-12,-1,-1,-12,-1,0,-12,-1,0,down
-12,-1,0,-12,-1,0,-12,-1,0,down
-12,-1,0,-12,-1,-1,right
-1,-1,0,-1,-1,0,up
-1,-1,0,-1,-1,0,-1,-1,0,up
-1,-1,-1,-1,-1,-1,-1,-1,0,right
-1,-1,-1,-1,-1,-1,-1,0,1,right
-1,-1,0,-1,-1,0,0,0,0,down
-1,-1,0,0,0,-1,0,0,0,right
-1,0,0,0,-1,0,0,0,0,right
0,0,0,0,0,0,0,0,0,left
0,0,0,0,0,-1,0,0,0,right
0,-1,0,0,-1,0,0,0,0,up
0,0,0,-1,-1,0,0,-1,0,left
0,0,0,0,-1,-1,0,-1,-1,down
0,-1,-1,-1,-1,-1,0,0,0,left
0,-1,-1,0,-1,-1,0,0,0,up
0,-1,0,0,-1,-1,0,-1,-1,up
0,0,0,0,-1,-1,0,-1,-1,right
0,-1,0,-1,-1,0,-1,-1,-1,up
0,0,0,0,-1,-1,-1,-1,0,right
0,0,1,-1,-1,0,-1,0,0,right
0,0,0,-1,0,0,0,0,0,up
0,0,0,0,0,0,-1,-1,0,down
0,-1,0,-1,-1,0,0,0,0,up
0,0,0,-1,-1,0,-1,-1,0,left
0,-1,0,0,-1,-1,-1,-1,-1,up
-12,-12,-12,0,-1,-1,0,-1,-1,right
-12,-12,-12,-1,-1,-1,-1,-1,0,right
-12,-12,-12,-1,-1,-1,-1,0,0,right
0,0,0,0,0,0,0,0,0,left
0,0,0,0,0,0,0,-1,0,down
0,0,0,0,-1,-1,1,0,1,right
0,0,0,-1,-1,0,0,0,0,down
-1,-1,0,0,0,-1,0,0,1,right
-1,0,0,0,-1,0,0,0,0,down
0,-1,0,0,0,-1,right
-1,0,0,0,-1,-1,right
0,0,-1,-1,down
-1,-1,left
0,-1,-1,left
0,0,-1,left
0,-1,0,up
0,0,-1,0,-1,-1,right
0,-1,0,-1,-1,-1,down
-1,-1,-1,left
0,-1,-1,left
0,0,-1,left
0,0,0,left
0,-1,0,up
0,0,0,0,0,0,0,0,0,left
0,-1,0,0,0,0,0,0,0,up
0,-1,0,0,-1,0,0,0,0,up
0,0,0,0,-1,-1,0,-1,0,right
0,-1,1,-1,-1,0,-1,0,0,up
0,0,1,0,-1,0,-1,-1,0,right
0,0,0,-1,0,0,-1,0,0,up
0,0,0,-1,0,0,-1,0,0,left
0,-1,0,0,-1,0,0,-1,0,up
-12,-12,-12,0,-1,-1,0,-1,0,right
-12,-12,-12,-1,-1,0,-1,-1,0,down
-1,-1,0,-1,-1,-1,-1,0,0,right
-1,0,0,-1,-1,0,0,-1,0,down
-1,-1,0,-1,-1,0,0,0,0,left
-1,-1,-1,-1,-1,-1,-1,-1,0,down
-1,-1,-1,-1,-1,-1,0,0,0,right
-1,-1,0,-1,-1,0,0,-1,0,down
-1,-1,0,0,-1,0,0,-1,0,down
0,-1,0,-1,-1,0,0,0,0,left
0,0,-1,-1,-1,-1,0,0,0,left

0,0,0,0,0,0,0,0,0,left
0,-1,0,0,0,0,0,0,0,up
0,-1,0,0,-1,0,0,0,0,up
0,0,0,0,-1,-1,0,-1,0,right
0,-1,1,-1,-1,0,-1,0,0,up
0,0,1,0,-1,0,-1,-1,0,right
0,0,0,-1,0,0,-1,0,0,up
0,0,0,0,0,-1,-1,0,0,right
0,0,0,0,-1,0,0,-1,0,down
0,-1,0,0,-1,0,0,-1,0,down
0,-1,0,0,-1,-1,0,0,0,right
-1,0,-1,-1,0,-1,down
-1,-1,0,-1,0,-1,down
0,-1,0,-1,0,0,right
-1,-1,0,up
-1,-1,-1,up
0,-1,-1,up
0,0,-1,up
0,-1,0,left
0,-1,-1,-1,-1,0,up
0,0,0,0,0,0,0,0,0,left
0,0,0,0,0,-1,0,0,0,right
0,0,0,0,-1,0,0,-1,0,down
0,-1,0,0,-1,0,0,0,0,down
0,-1,0,0,0,-1,0,0,1,right
-1,0,0,0,-1,0,0,0,0,down
0,-1,0,0,0,-1,right
-1,0,0,0,-1,0,down
0,-1,0,right
-1,-1,up
0,-1,-1,-1,up
0,0,0,-1,-1,-1,right
0,-1,-1,up
0,0,-1,up
0,-1,0,left
0,0,-1,-1,0,0,left
0,0,0,-1,-1,-1,0,0,0,left
0,-1,0,-1,-1,-1,-1,0,0,up
0,-1,0,0,-1,0,-1,-1,-1,up
0,0,0,0,-1,0,0,-1,0,up
0,0,0,0,0,0,0,0,0,left
0,0,0,0,0,0,0,-1,0,down
0,0,0,0,-1,-1,1,0,1,right
0,0,0,-1,-1,0,0,0,0,down
-1,-1,0,0,0,-1,0,0,1,right
-1,0,0,0,-1,0,0,0,0,down
0,-1,0,0,0,-1,right
-1,0,0,0,-1,-1,right
0,-1,-1,-1,up
0,0,0,-1,-1,-1,right
0,-1,-1,down
-1,-1,down
-1,left
-1,-1,left
0,-1,-1,left
0,0,-1,left
0,-1,0,up
0,0,-1,0,-1,-1,right
0,-1,0,-1,-1,-1,down
-1,-1,-1,left
0,0,0,0,0,0,0,0,0,left
0,-1,0,0,0,0,0,0,0,up
0,0,0,0,-1,-1,0,0,0,right
0,0,0,-1,-1,0,0,-1,0,down
-1,-1,0,0,-1,0,0,-1,0,down
0,-1,0,0,-1,0,0,0,0,down
0,-1,0,0,0,-1,0,0,1,right
-1,0,0,0,-1,0,0,0,0,down
0,-1,0,0,0,0,down
0,0,0,left
0,0,0,left
0,0,0,left
0,0,0,left
0,0,0,right
0,-1,0,up
0,0,0,0,-1,0,up
0,0,0,-1,0,0,0,-1,0,left
0,0,0,0,-1,-1,0,0,-1,right
0,-1,0,-1,-1,0,0,-1,0,up
0,0,0,0,-1,-1,-1,-1,0,right
0,0,0,0,0,0,0,0,0,left
0,0,0,0,0,0,0,-1,0,down
0,0,0,0,-1,-1,1,0,1,right
0,0,0,-1,-1,0,0,0,0,down
-1,-1,0,0,0,-1,0,0,1,right
-1,0,0,0,-1,0,0,0,0,down
0,-1,0,0,0,0,down
0,0,0,left
0,0,0,left
0,0,0,left
0,-1,0,up
0,0,0,0,-1,0,up
0,0,-1,-1,0,0,0,-1,0,left
0,0,0,0,-1,-1,0,0,-1,right
0,0,-1,-1,-1,-1,0,-1,0,right
0,-1,-1,-1,-1,0,-1,-1,0,down
-1,-1,0,-1,-1,-1,right
-1,-1,-1,-1,-1,0,up
-1,-2,0,-1,-1,-1,-1,-1,0,up
0,-1,0,-1,-2,0,-1,-1,-1,up
0,0,0,0,0,0,0,0,0,left
0,0,0,0,0,0,0,-1,0,down
0,0,0,0,-1,-1,1,0,1,right
0,0,0,-1,-1,0,0,0,0,down
-1,-1,0,0,0,-1,0,0,1,right
-1,0,0,0,-1,0,0,0,0,down
0,-1,0,0,0,-1,right
-1,0,0,0,-1,0,down
0,-1,0,right
-1,-1,up
0,-1,-1,-1,up
0,-1,0,-1,-1,-1,up
0,0,-1,-1,0,-1,left
0,0,0,-1,-1,-1,-1,0,-1,left
0,-1,0,-1,-1,-1,0,-1,0,up
0,0,0,0,-1,-1,-1,-1,-1,right
0,-1,0,-1,-1,0,-1,-1,-1,up
0,-1,0,0,-1,0,-1,-1,0,up
1,0,0,-1,-1,0,0,-1,0,left
0,0,0,0,-1,-1,0,0,-1,up
0,0,0,0,0,0,0,0,0,left
0,0,0,0,0,0,0,-1,0,down
0,0,0,0,-1,-1,1,0,1,right
0,0,0,-1,-1,0,0,0,0,down
-1,-1,0,0,0,-1,0,0,1,right
-1,0,0,0,-1,0,0,0,0,down
0,-1,0,0,0,-1,right
-1,0,0,0,-1,0,down
0,-1,0,right
-1,-1,up
0,-1,-1,-1,up
0,-1,0,-1,-1,-1,up
0,0,-1,-1,0,-1,left
0,0,0,-1,-1,-1,-1,0,-1,left
0,-1,0,-1,-1,-1,0,-1,0,up
0,0,0,0,-1,-1,-1,-1,-1,right
0,-1,0,-1,-1,0,-1,-1,-1,up
0,-1,0,0,-1,0,-1,-1,0,up
1,0,0,-1,-1,0,0,-1,0,left
0,0,0,0,-1,-1,0,0,-1,up
0,0,0,0,0,0,0,0,0,left
0,0,0,0,0,0,0,-1,0,down
0,0,0,0,-1,-1,1,0,1,right
0,0,0,-1,-1,0,0,0,0,down
-1,-1,0,0,0,-1,0,0,1,right
-1,0,0,0,-1,0,0,0,0,down
0,-1,0,0,0,-1,right
-1,0,0,0,-1,0,down
0,-1,0,right
-1,-1,up
0,-1,-1,-1,up
0,-1,0,-1,-1,-1,up
0,0,-1,-1,0,-1,left
0,0,0,-1,-1,-1,-1,0,-1,left
0,-1,0,-1,-1,-1,0,-1,0,up
0,0,0,0,-1,-1,-1,-1,-1,right
0,-1,0,-1,-1,0,-1,-1,-1,up
0,-1,0,0,-1,0,-1,-1,0,up
1,0,0,-1,-1,0,0,-1,0,left
0,0,0,0,-1,-1,0,0,-1,up
0,-1,0,0,0,0,0,0,0,up
0,0,0,0,-1,0,0,0,0,up
0,0,0,0,0,-1,0,-1,0,right
0,-1,0,0,-1,0,-1,0,0,up
0,-1,0,0,-1,0,0,-1,0,up
0,0,0,0,-1,0,0,-1,0,up
-12,-12,-12,-1,0,0,0,-1,0,left
-12,-12,-12,0,-1,-1,0,0,-1,right
-12,-12,-12,-1,-1,-1,0,-1,0,right
-12,-12,-12,-1,-1,0,-1,-1,0,down
-1,-1,0,-1,-1,-1,-1,0,1,right
-1,0,-1,-1,0,0,down
-1,-1,-1,0,0,0,left
-1,-1,-1,-1,-1,-1,-1,0,0,right
-1,-1,-1,-1,0,-1,down
-1,-1,0,-1,0,-1,down
0,-1,-1,-1,0,0,left
-1,-1,-1,0,-1,-1,0,0,0,up
-1,-1,-1,-1,-1,-1,0,-2,-1,down
-1,-1,-1,0,-2,-1,0,-1,0,down
0,0,0,0,0,0,0,-1,0,down
0,0,0,-1,-1,0,0,0,0,left
0,0,0,-1,-1,-1,0,0,0,left
0,0,0,0,-1,-1,0,-1,0,down
0,-1,-1,0,-1,0,0,-1,0,down
0,-1,0,0,-1,0,down
0,-1,0,left
0,-1,-1,up
0,0,-1,-1,-1,-1,left
0,0,0,-1,-1,-1,left
-12,0,0,-12,-1,-1,down
-12,-1,-1,right
-1,-1,-1,right
-1,-2,-1,up
0,-1,-1,-1,-2,-1,up
1,0,-1,-1,-1,-1,-1,-2,-1,left
0,0,0,0,-1,-1,-1,-1,-2,up
0,0,0,0,0,-1,0,-1,-1,right
0,-1,0,0,-1,-1,-1,-1,-1,up
0,0,0,0,-1,-1,0,-1,-1,right
0,0,0,0,0,0,0,0,0,left
0,0,0,-1,0,0,0,0,0,left
0,-1,0,0,-1,0,0,0,0,up
0,-1,0,0,-1,0,0,-1,0,up
0,-1,0,0,-1,0,0,-1,0,up
0,0,0,0,-1,-1,0,-1,0,right
0,-1,0,-1,-1,0,-1,0,0,up
0,-1,0,0,-1,0,-1,-1,0,up
-12,-12,-12,-1,-1,0,0,-1,0,left
-12,-12,-12,0,-1,-1,0,0,-1,left
-12,-12,-12,0,0,-1,0,-1,0,down
0,0,-1,0,-1,0,0,-1,-1,down
0,-1,0,-1,-1,-1,0,0,-1,left
0,0,-1,0,-1,-1,0,-1,0,down
0,-1,-1,-1,-1,0,0,0,0,left
-12,-1,-1,-12,-1,-1,-12,0,0,up
-12,-1,0,-12,-1,-1,-12,-1,-1,up
-12,-1,0,-12,-1,0,-12,-1,-1,up
-12,-12,-12,-12,-1,-1,-12,-1,0,right
-12,-12,-12,-1,-1,-1,-1,0,-1,right
0,0,0,0,0,0,0,0,0,left
0,-1,0,0,0,0,0,0,0,up
0,0,0,-1,-1,0,0,0,0,left
0,-1,0,0,-1,-1,0,0,0,up
0,0,0,0,-1,-1,0,-1,-1,right
0,-1,0,-1,-1,0,-1,-1,0,up
0,0,0,-1,-1,0,-1,-1,0,left
0,0,0,-1,-1,-1,0,-1,-1,left
0,0,0,-1,-1,-1,0,0,-1,left
0,-1,0,0,-1,-1,0,0,0,up
0,-1,1,0,-1,0,0,-1,-1,up
-12,-12,-12,0,-1,0,0,-1,0,right
-12,-12,-12,-1,0,0,-1,-1,0,down
-1,0,0,-1,-1,-1,-1,-1,-1,right
0,0,0,-1,-1,-1,-1,-1,-1,right
0,0,0,-1,-1,-1,-1,-1,0,right
0,0,0,-1,-1,0,-1,0,1,right
0,0,0,-1,0,0,0,0,0,down
-1,0,0,-1,0,0,0,0,0,left
-1,-1,0,-1,-1,-1,-1,0,0,right
0,0,0,0,0,0,0,0,0,left
0,0,0,-1,0,0,0,0,0,left
0,0,0,-1,-1,0,0,0,0,left
0,0,0,-1,-1,-1,0,0,0,left
0,-1,0,0,-1,-1,0,0,0,up
0,-1,0,0,-1,0,0,-1,-1,up
0,0,0,-1,-1,0,0,-1,0,left
-12,-1,0,-12,-1,-1,-12,0,-1,up
-12,0,0,-12,-1,-1,-12,-1,-1,right
0,0,0,-1,-1,-1,-1,-1,0,right
0,0,0,-1,-1,-1,-1,0,0,right
0,-1,0,-1,-1,0,0,0,0,up
1,0,0,-1,-1,0,-1,-1,0,left
0,0,0,0,-1,-1,-1,-1,-1,up
-12,-12,-12,-1,0,0,0,-1,-1,left
-12,-12,-12,0,-1,0,0,-1,-1,down
0,-1,0,-1,-1,-1,-1,-1,-1,left
-12,-1,-1,-12,-1,-1,-12,-1,-1,up
-12,-12,-12,-12,-1,-1,-12,-2,-1,down
-12,-2,-1,-12,-2,-1,-12,-1,-1,up
0,0,0,0,0,0,0,0,0,left
0,0,0,0,0,-1,0,0,0,right
0,-1,0,0,-1,0,0,0,0,up
0,-1,0,0,-1,0,0,-1,0,up
0,-1,1,0,-1,0,0,-1,0,up
0,0,1,0,-1,0,0,-1,0,right
0,0,0,-1,0,0,-1,0,0,up
0,0,0,-1,0,0,-1,0,0,left
0,0,0,0,-1,-1,0,-1,0,right
0,0,0,-1,-1,0,-1,-1,0,down
-1,-1,0,-1,-1,0,-1,-1,0,down
-1,-1,0,-1,-1,0,-1,-1,0,down
-1,-1,0,-1,-1,-1,-1,0,0,right
-1,0,0,-1,-1,0,0,-1,0,down
-1,-1,0,0,-1,0,0,-1,0,down
0,-1,0,0,-1,-1,0,0,0,right
-1,0,-1,-1,0,0,right
0,-1,0,up
0,-1,-1,left
-1,-1,-1,-1,-1,-1,up
0,0,0,0,0,0,0,0,0,left
0,0,0,-1,0,0,0,0,0,left
0,0,0,0,-1,-1,0,0,0,right
0,0,0,-1,-1,-1,0,0,0,right
0,0,0,-1,-1,0,0,-1,0,down
-1,-1,0,0,-1,0,0,0,0,down
0,-1,0,0,0,-1,0,0,1,right
-1,0,0,0,-1,0,0,0,0,down
0,-1,0,0,0,0,down
0,0,0,left
0,0,0,left
0,0,0,left
0,0,0,left
0,0,0,left
0,0,0,left
-12,-1,0,up
-12,-1,0,-12,-1,0,up
-12,-1,0,-12,-1,0,-12,-1,0,up
-12,-1,0,-12,-1,0,-12,-1,0,up
-12,-1,0,-12,-1,0,-12,-1,0,up

0,0,0,0,0,0,0,0,0,left
0,-1,0,0,0,0,0,0,0,up
0,-1,0,0,-1,0,0,0,0,up
0,0,0,0,-1,-1,0,-1,0,right
0,-1,1,-1,-1,0,-1,0,0,up
0,0,1,0,-1,0,-1,-1,0,right
0,0,0,-1,0,0,-1,0,0,up
0,-1,0,0,0,0,-1,0,0,up
-12,-12,-12,0,-1,0,0,-1,0,down
0,-1,0,0,-1,0,-1,-1,0,down
0,-1,0,-1,-1,0,-1,-1,0,down
-1,-1,0,-1,-1,0,0,-1,0,down
-1,-1,0,0,-1,0,0,-1,0,down
0,-1,0,0,-1,-1,0,0,0,right
-1,0,0,-1,-1,0,0,-1,0,down
-1,-1,0,-1,-1,0,0,0,0,left
0,-1,-1,0,-2,-1,1,0,0,left
0,-1,-1,0,-3,-1,1,0,0,left
0,-1,-1,0,-4,-1,1,0,0,left
0,-1,-1,0,-5,-1,1,0,0,left
0,0,0,0,0,0,0,0,0,left
0,0,0,0,0,0,0,-1,0,down
0,0,0,0,-1,-1,1,0,1,right
0,0,0,-1,-1,0,0,0,0,down
-1,-1,0,0,0,-1,0,0,1,right
-1,0,0,0,-1,0,0,0,0,down
0,-1,0,0,0,0,down
0,0,0,left
0,-1,0,up
0,-1,-1,0,-1,0,up
-1,-1,0,-1,-1,-1,0,-1,0,left
0,-1,-1,0,-1,-1,0,0,-1,left
0,0,-1,0,0,-1,0,-1,0,down
0,0,-1,0,-1,0,down
0,-1,0,right
-1,0,-1,right
0,-1,0,right
-1,-1,0,up
-1,-1,0,-1,-1,-1,right
-1,-1,0,-1,-1,0,up
0,0,0,0,0,0,0,0,0,left
0,-1,0,0,0,0,0,0,0,up
0,0,0,0,-1,0,0,-1,0,down
0,-1,0,0,-1,-1,0,0,0,right
-1,-1,0,-1,-1,0,0,0,0,up
0,0,0,-1,-1,-1,-1,-1,0,right
0,-1,0,-1,-1,0,-1,0,0,up
0,0,0,0,-1,0,-1,-1,0,up
0,0,0,0,0,0,0,-1,0,up
0,0,0,0,0,0,0,-1,0,down
0,0,0,-1,-1,0,0,-1,0,left
0,0,0,-1,-1,-1,0,0,-1,left
0,0,0,0,-1,-1,0,-1,0,down
0,-1,-1,-1,-1,0,0,-1,-1,left
0,-1,-1,0,-1,-1,0,0,-1,up
0,-1,0,0,-1,-1,0,-1,-1,up
1,0,0,-1,-1,0,0,-1,-1,left
0,0,0,0,-1,-1,0,0,-1,up
-12,-12,-12,-1,0,0,0,-1,-1,left
-12,-12,-12,-1,-1,0,0,0,-1,left
0,0,0,0,0,0,0,0,0,left
0,0,0,0,0,0,0,-1,0,down
0,0,0,0,-1,-1,1,0,1,right
0,0,0,-1,-1,0,0,0,0,down
-1,-1,0,0,0,-1,0,0,1,right
-1,0,0,0,-1,0,0,0,0,down
0,-1,0,0,0,0,down
0,0,0,left
0,0,0,left
0,0,0,left
0,-1,0,up
0,0,0,0,-1,0,up
0,0,-1,0,0,-1,0,-1,0,right
0,-1,-1,0,-1,-1,-1,0,0,right
-1,-1,0,-1,-1,-1,0,-1,0,down
-1,-1,-1,0,-1,0,down
0,-1,0,left
-1,0,-1,left
0,-1,0,left
0,0,-1,left
0,0,0,0,0,0,0,0,0,left
0,0,0,0,0,-1,0,0,0,right
0,-1,0,0,-1,0,0,0,0,up
0,-1,0,0,-1,0,0,-1,0,up
0,-1,1,0,-1,0,0,-1,0,up
0,0,1,0,-1,0,0,-1,0,right
0,0,0,-1,0,0,-1,0,0,up
0,0,0,0,0,-1,-1,0,0,right
0,0,0,-1,-1,0,0,0,0,left
0,0,0,0,-1,-1,-1,-1,0,down
0,-1,-1,-1,-1,-1,-1,0,0,right
-1,-1,0,-1,-1,-1,0,0,0,right
-1,-1,-1,-1,0,0,up
0,0,-1,-1,-1,-1,right
0,-1,-1,up
-12,-1,-1,left
-12,-12,-1,-1,-1,-1,left
-12,-12,-12,-1,-1,-1,-1,-1,-1,left
-12,-12,-12,-1,-1,-1,0,-1,-1,left
-12,-12,-12,-1,-1,-1,0,0,-1,left
0,0,0,0,0,0,0,0,0,left
0,0,0,0,0,0,0,-1,0,down
0,0,0,0,-1,-1,1,0,1,right
0,0,0,-1,-1,0,0,0,0,down
-1,-1,0,0,0,-1,0,0,1,right
-1,0,0,0,-1,0,0,0,0,down
0,-1,0,0,0,-1,right
-1,0,0,0,-1,0,down
0,-1,0,right
-1,-1,up
0,-1,-1,-1,up
0,-1,0,-1,-1,-1,up
0,0,-1,-1,0,-1,left
0,0,0,-1,-1,-1,-1,0,-1,left
0,-1,0,-1,-1,-1,0,-1,0,up
0,0,0,0,-1,-1,-1,-1,-1,right
0,-1,0,-1,-1,0,-1,-1,-1,up
0,-1,0,0,-1,0,-1,-1,0,up
1,0,0,-1,-1,0,0,-1,0,left
0,0,0,0,-1,-1,0,0,-1,up
0,0,0,0,0,0,0,0,0,left
0,0,0,0,0,0,0,-1,0,down
0,0,0,0,-1,-1,1,0,1,right
0,0,0,-1,-1,0,0,0,0,down
-1,-1,0,0,0,-1,0,0,1,right
-1,0,0,0,-1,0,0,0,0,down
0,-1,0,0,0,-1,right
-1,0,0,0,-1,0,down
0,-1,0,right
-1,-1,up
0,-1,-1,-1,up
0,-1,0,-1,-1,-1,up
0,0,-1,-1,0,-1,left
0,0,0,-1,-1,-1,-1,0,-1,left
0,-1,0,-1,-1,-1,0,-1,0,up
0,0,0,0,-1,-1,-1,-1,-1,right
0,-1,0,-1,-1,0,-1,-1,-1,up
0,-1,0,0,-1,0,-1,-1,0,up
1,0,0,-1,-1,0,0,-1,0,left
0,0,0,0,-1,-1,0,0,-1,up
0,0,0,0,0,0,0,0,0,left
0,0,0,0,0,0,0,-1,0,down
0,0,0,0,-1,-1,1,0,1,right
0,0,0,-1,-1,0,0,0,0,down
-1,-1,0,0,0,-1,0,0,1,right
-1,0,0,0,-1,0,0,0,0,down
0,-1,0,0,0,-1,right
-1,0,0,0,-1,0,down
0,-1,0,right
-1,-1,up
0,-1,-1,-1,up
0,-1,0,-1,-1,-1,up
0,0,-1,-1,0,-1,left
0,0,0,-1,-1,-1,-1,0,-1,left
0,-1,0,-1,-1,-1,0,-1,0,up
0,0,0,0,-1,-1,-1,-1,-1,right
0,-1,0,-1,-1,0,-1,-1,-1,up
0,-1,0,0,-1,0,-1,-1,0,up
1,0,0,-1,-1,0,0,-1,0,left
0,0,0,0,-1,-1,0,0,-1,up
0,0,0,0,0,0,0,-1,0,down
0,0,0,0,-1,-1,0,0,0,right
0,0,0,-1,-1,-1,0,0,1,right
0,0,0,-1,-1,0,0,0,0,down
-1,-1,0,-1,0,0,0,0,0,left
-1,-1,-1,0,-2,0,1,0,0,left
-1,-1,-1,0,-3,0,1,0,0,left
-1,-1,-1,0,-4,0,1,0,0,left
-1,-1,-1,0,-5,0,1,0,0,left
-1,-1,-1,0,-6,0,1,0,0,left
0,0,0,0,0,0,0,-1,0,down
0,0,0,0,-1,0,0,-1,0,down
0,-1,0,0,-1,0,0,0,0,down
0,-1,0,0,0,-1,right
-1,-1,1,0,-1,0,up
-1,0,0,-1,-1,0,0,-1,0,right
0,0,0,-1,0,0,-1,-1,0,down
-1,0,0,-1,-1,-1,right
0,-1,-1,-1,up
0,0,-1,-1,-1,-1,left
0,-1,0,-1,-1,-1,-1,-1,-1,up
0,-1,0,0,-1,0,-1,-1,-1,up
0,0,0,0,-1,-1,0,-1,0,right
0,0,-1,-1,-1,-1,down
-1,-1,-1,-1,-1,-1,right
-1,-1,-1,down
-1,-1,-1,down
-1,-1,down
-1,left
-1,-1,left
0,0,0,0,0,0,0,0,0,left
0,0,0,-1,0,0,0,0,0,left
0,-1,0,0,-1,0,0,0,0,up
0,0,0,0,-1,-1,0,-1,0,right
0,0,0,-1,-1,0,-1,-1,0,down
-1,-1,0,-1,-1,0,0,-1,0,down
-1,-1,0,0,-1,-1,1,0,1,right
-1,0,0,-1,-1,0,0,0,0,down
-1,-1,0,0,0,-1,0,0,1,right
-1,0,0,0,-1,0,0,0,0,down
0,-1,0,0,0,0,down
0,0,0,left
0,0,0,left
0,0,0,left
0,-1,0,up
0,0,0,0,-1,0,up
0,0,-1,0,0,-1,0,-1,0,right
0,-1,-1,0,-1,0,-1,-1,0,down
0,-1,0,-1,-1,-1,right
-1,-1,-1,-1,-1,0,up
0,0,0,0,0,0,0,0,0,left
0,0,0,0,0,-1,0,0,0,right
0,0,0,0,-1,-1,0,0,0,right
0,0,0,-1,-1,0,0,-1,0,down
-1,-1,0,0,-2,0,1,0,0,down
-1,-1,0,0,-3,0,1,0,0,down
-1,-1,0,0,-4,0,1,0,0,down
-1,-1,0,0,-5,0,1,0,0,down
-1,-1,0,0,-6,0,1,0,0,down
0,0,0,0,0,0,0,0,0,left
0,0,0,-1,0,0,0,0,0,left
0,0,0,0,-1,-1,0,0,0,right
0,0,0,-1,-1,0,0,-1,0,down
-1,-1,0,0,-1,-1,1,0,1,right
-1,0,0,-1,-1,0,0,0,0,down
-1,-1,0,0,0,-1,0,0,1,right
-1,0,0,0,-1,0,0,0,0,down
0,-1,0,0,0,-1,right
-1,-1,0,0,-1,0,up
0,-1,0,-1,-1,0,0,-1,0,up
0,-1,0,0,-1,0,-1,-1,0,up
0,0,0,0,-1,-1,0,-1,0,right
0,0,-1,-1,-1,-1,down
-1,-1,-1,-1,-1,0,right
-1,-1,0,down
-1,-1,0,left
-1,-1,-1,-1,-1,-1,down
-1,-1,-1,-1,right
-1,-1,down
0,0,0,0,0,0,0,0,0,left
0,-1,0,0,0,0,0,0,0,up
0,-1,0,0,-1,0,0,0,0,up
0,-1,0,0,-1,0,0,-1,0,up
0,0,0,-1,-1,0,0,-1,0,left
0,0,0,0,-1,-1,0,-1,-1,down
0,-1,-1,-1,-1,-1,0,0,-1,left
0,-1,-1,0,-1,-1,0,0,0,up
0,0,0,-1,-1,-1,0,-1,-1,left
0,-1,0,0,-1,-1,0,0,-1,up
0,-1,1,0,-1,0,0,-1,-1,up
-12,-12,-12,0,-1,0,0,-1,0,right
-12,-12,-12,-1,0,-1,-1,0,0,right
-12,-12,-12,0,-1,0,0,-1,0,down
0,-1,0,0,-1,-1,-1,-1,-1,right
-1,0,0,-1,-1,-1,-1,-1,0,right
0,0,0,-1,-1,0,-1,0,1,right
0,0,0,-1,0,0,0,0,0,down
-1,0,0,0,0,-1,0,0,0,right
0,-1,0,0,-1,0,0,0,0,up
0,0,0,0,0,0,0,0,0,left
0,0,0,0,0,0,0,-1,0,down
0,0,0,0,-1,-1,1,0,1,right
0,0,0,-1,-1,0,0,0,0,down
-1,-1,0,0,0,-1,0,0,1,right
-1,0,0,0,-1,0,0,0,0,down
0,-1,0,0,0,0,down
0,0,0,left
0,-1,0,up
0,0,-1,0,-1,-1,right
0,-1,0,-1,-1,-1,right
-1,0,0,-1,-1,-1,right
0,-1,-1,-1,up
0,0,-1,-1,-1,-1,left
0,-1,0,-1,-1,-1,-1,-1,-1,up
0,-1,0,0,-1,0,-1,-1,-1,up
0,0,0,-1,-1,0,0,-1,0,left
0,0,0,0,-1,-1,-1,-1,-1,down
0,-1,-1,-1,-1,-2,0,-1,-1,right
-1,-1,0,-1,-2,-1,-1,-1,-1,right

0,0,0,0,0,0,0,0,0,left
0,0,0,0,0,-1,0,0,0,right
0,0,0,0,-1,-1,0,0,0,right
0,0,0,-1,-1,0,0,-1,0,down
-1,-1,0,0,-2,0,1,0,0,down
-1,-1,0,0,-3,0,1,0,0,down
-1,-1,0,0,-4,0,1,0,0,down
-1,-1,0,0,-5,0,1,0,0,down
-1,-1,0,0,-6,0,1,0,0,down
0,0,0,0,0,0,0,0,0,left
0,0,0,0,0,0,0,-1,0,down
0,0,0,0,-1,-1,1,0,1,right
0,0,0,-1,-1,0,0,0,0,down
-1,-1,0,0,0,-1,0,0,1,right
-1,0,0,0,-1,0,0,0,0,down
0,-1,0,0,0,0,down
0,0,0,left
0,0,0,left
0,0,0,left
0,0,0,left
0,0,0,right
0,-1,0,up
0,0,0,0,-1,0,up
0,-1,-1,0,0,0,0,-1,0,up
0,-1,0,0,-1,-1,0,0,0,up
0,0,0,-1,-1,0,0,-1,-1,left
0,-1,0,0,-1,-1,0,0,-1,up
0,0,0,0,-1,-1,0,-1,-1,right
0,0,0,-1,-1,-1,-1,-1,0,right
0,0,0,0,0,0,0,0,0,left
0,0,0,0,0,0,0,-1,0,down
0,0,0,0,-1,-1,1,0,1,right
0,0,0,-1,-1,0,0,0,0,down
-1,-1,0,0,0,-1,0,0,1,right
-1,0,0,0,-1,0,0,0,0,down
0,-1,0,0,0,-1,right
-1,-1,0,0,-1,0,up
0,0,0,-1,-1,-1,0,-1,0,right
0,0,-1,-1,-1,0,right
0,-1,0,up
0,-1,-1,left
0,-1,0,-1,-1,-1,up
0,0,-1,-1,0,-1,left
0,0,0,-1,-1,-1,0,0,-1,left
0,0,0,0,-1,-1,-1,-1,0,down
0,-1,-1,-1,-1,-1,0,-1,-1,right
-1,-2,-1,-1,-1,-1,-1,-1,-1,up
0,-1,0,-1,-2,-1,-1,-1,-1,up
0,0,0,-1,-1,0,-1,-2,-1,left
0,0,0,0,0,0,0,0,0,left
0,0,0,0,0,-1,0,0,0,right
0,-1,0,0,-1,0,0,0,0,up
0,-1,0,0,-1,0,0,-1,0,up
0,-1,1,0,-1,0,0,-1,0,up
0,0,1,0,-1,0,0,-1,0,right
0,0,0,-1,0,0,-1,0,0,up
0,0,0,-1,0,0,-1,0,0,left
0,0,0,-1,-1,0,0,-1,0,left
0,0,0,0,-1,-1,0,-1,-1,down
0,-1,-1,-1,-1,-1,0,0,-1,left
0,0,-1,0,-1,-1,0,-1,0,down
0,-1,-1,-1,-1,0,0,0,0,left
0,-1,-1,0,-1,-1,0,0,0,up
0,-1,0,0,-1,-1,0,-1,-1,up
0,0,0,0,-1,0,0,-1,-1,up
-12,-12,-12,0,0,-1,0,-1,0,right
-12,-12,-12,0,-1,-1,-1,0,-1,right
-12,-12,-12,-1,-1,-1,0,-1,-1,right
-12,-12,-12,-1,-1,-1,-1,-1,0,right
0,0,0,0,0,0,0,0,0,left
0,0,0,0,0,-1,0,0,0,right
0,0,0,-1,-1,0,0,0,0,left
0,-1,0,0,-1,-1,0,0,0,up
0,0,0,0,-1,-1,0,-1,-1,right
0,-1,0,-1,-1,0,-1,-1,0,up
0,-1,1,0,-1,0,-1,-1,0,up
0,0,1,0,-1,0,0,-1,0,right
0,0,0,-1,0,0,-1,0,0,up
0,0,0,0,0,0,-1,-1,0,down
0,-1,0,-1,-1,0,-1,0,0,up
0,0,0,-1,-1,0,-1,-1,0,left
0,-1,0,0,-1,-1,0,-1,-1,up
-12,-12,-12,-1,-1,0,0,-1,-1,left
-12,-12,-12,-1,-1,-1,0,0,-1,left
-12,-12,-12,0,-1,-1,0,0,0,left
-12,-12,-12,-1,0,-1,0,0,0,left
-12,-12,-12,0,-1,-1,0,0,0,right
-12,-12,-12,-1,-1,-1,0,-1,0,down
-1,-1,-1,0,-1,0,0,-1,0,down
0,0,0,0,0,0,0,0,0,left
0,0,0,0,0,0,0,-1,0,down
0,0,0,0,-1,-1,1,0,1,right
0,0,0,-1,-1,0,0,0,0,down
-1,-1,0,0,0,-1,0,0,1,right
-1,0,0,0,-1,0,0,0,0,down
0,-1,0,0,0,-1,right
-1,0,0,0,-1,0,down
0,-1,0,right
-1,-1,up
0,-1,-1,-1,up
0,-1,0,-1,-1,-1,up
0,0,-1,-1,0,-1,left
0,0,0,-1,-1,-1,-1,0,-1,left
0,-1,0,-1,-1,-1,0,-1,0,up
0,0,0,0,-1,-1,-1,-1,-1,right
0,-1,0,-1,-1,0,-1,-1,-1,up
0,-1,0,0,-1,0,-1,-1,0,up
1,0,0,-1,-1,0,0,-1,0,left
0,0,0,0,-1,-1,0,0,-1,up
0,0,0,0,0,0,0,0,0,left
0,0,0,0,0,0,0,-1,0,down
0,0,0,0,-1,-1,1,0,1,right
0,0,0,-1,-1,0,0,0,0,down
-1,-1,0,0,0,-1,0,0,1,right
-1,0,0,0,-1,0,0,0,0,down
0,-1,0,0,0,-1,right
-1,0,0,0,-1,0,down
0,-1,0,right
-1,-1,up
0,-1,-1,-1,up
0,-1,0,-1,-1,-1,up
0,0,-1,-1,0,-1,left
0,0,0,-1,-1,-1,-1,0,-1,left
0,-1,0,-1,-1,-1,0,-1,0,up
0,0,0,0,-1,-1,-1,-1,-1,right
0,-1,0,-1,-1,0,-1,-1,-1,up
0,-1,0,0,-1,0,-1,-1,0,up
1,0,0,-1,-1,0,0,-1,0,left
0,0,0,0,-1,-1,0,0,-1,up
0,0,0,0,0,0,0,0,0,left
0,0,0,0,0,0,0,-1,0,down
0,0,0,0,-1,-1,1,0,1,right
0,0,0,-1,-1,0,0,0,0,down
-1,-1,0,0,0,-1,0,0,1,right
-1,0,0,0,-1,0,0,0,0,down
0,-1,0,0,0,-1,right
-1,0,0,0,-1,0,down
0,-1,0,right
-1,-1,up
0,-1,-1,-1,up
0,-1,0,-1,-1,-1,up
0,0,-1,-1,0,-1,left
0,0,0,-1,-1,-1,-1,0,-1,left
0,-1,0,-1,-1,-1,0,-1,0,up
0,0,0,0,-1,-1,-1,-1,-1,right
0,-1,0,-1,-1,0,-1,-1,-1,up
0,-1,0,0,-1,0,-1,-1,0,up
1,0,0,-1,-1,0,0,-1,0,left
0,0,0,0,-1,-1,0,0,-1,up
0,0,0,-1,0,0,0,0,0,left
0,0,0,0,-1,-1,0,0,0,right
0,0,0,-1,-1,-1,0,0,0,right
0,-1,0,-1,-1,0,0,0,0,up
1,0,0,-1,-1,0,-1,-1,0,left
0,0,0,0,-1,-1,-1,-1,-1,up
0,0,0,-1,0,0,0,-1,-1,left
0,-1,0,0,-1,0,0,0,-1,up
0,-1,0,0,-1,0,0,-1,0,up
0,0,0,-1,-1,0,0,-1,0,left
1,0,0,-1,-1,-1,0,0,-1,left
0,0,0,0,-1,-1,0,0,0,up
-12,-12,-12,-1,0,0,0,-1,-1,left
-12,-12,-12,0,-1,0,0,0,-1,left
-12,-12,-12,-12,0,-1,-12,-1,0,down
-12,0,-1,-12,-1,0,-12,-1,0,down
-12,-1,0,-12,-1,-1,-12,0,1,right
-1,0,-1,-1,-1,0,0,0,0,down
-1,-1,0,0,0,-1,0,0,0,right
-1,0,0,0,-1,0,0,-1,0,down
0,0,0,0,0,-1,0,0,0,right
0,0,0,-1,-1,0,0,0,0,left
0,0,0,-1,-1,-1,0,0,0,left
0,0,0,0,-1,-1,0,-1,0,down
0,-1,-1,-1,-1,0,0,0,0,left
0,-1,-1,0,-1,-1,0,0,0,up
0,-1,0,0,-1,-1,0,-1,-1,up
0,0,0,0,-1,-1,0,-1,-1,right
0,-1,1,-1,-1,0,-1,-1,-1,up
0,0,0,0,-1,0,-1,-1,0,right
0,0,0,-1,0,0,-1,-1,0,down
-1,-1,0,-1,-1,0,-1,-1,-1,up
0,-1,0,-1,-1,0,-1,-1,0,up
0,0,0,0,-1,-1,-1,-1,0,right
0,0,0,-1,-1,0,-1,-1,0,down
-1,-1,0,-1,-1,-1,-1,0,0,right
-1,-1,1,-1,-1,0,0,0,0,up
0,0,0,-1,-1,0,-1,-1,0,right
0,0,-1,0,-1,-1,down
-1,-1,-1,-1,0,0,up
0,0,0,0,0,0,0,0,0,left
0,0,0,0,0,-1,0,0,0,right
0,0,0,0,-1,-1,0,0,0,right
0,-1,0,-1,-1,0,0,0,0,up
0,0,0,0,-1,-1,-1,-1,0,right
0,-1,0,-1,-1,0,-1,0,0,up
1,0,0,-1,-1,0,-1,-1,0,left
0,0,0,0,-1,-1,0,-1,-1,up
0,0,0,0,0,0,0,-1,-1,up
0,-1,0,0,0,0,0,0,0,up
-12,-12,-12,0,-1,0,0,-1,0,down
0,-1,0,-1,-1,0,0,0,0,left
0,0,-1,-1,-1,-1,0,0,0,left
0,-1,0,0,-1,-1,0,0,0,up
-12,-12,-12,0,-1,-1,0,-1,-1,right
-12,-12,-12,-1,-1,-2,-1,-1,-1,right
-12,-12,-12,-1,-2,-1,-1,-1,0,right
-12,-12,-12,-2,-1,0,-1,-1,0,down
-2,-1,0,-1,-1,-1,0,0,0,right
-1,0,-1,-1,0,0,right
0,0,0,0,0,0,0,0,0,left
0,-1,0,0,0,0,0,0,0,up
0,0,0,0,-1,0,0,-1,0,down
0,-1,0,-1,-1,0,0,0,0,left
0,0,-1,-1,-1,-1,0,0,0,left
0,-1,0,0,-1,-1,0,0,0,up
0,0,0,-1,-1,0,0,-1,-1,left
0,0,0,0,-1,-1,0,-1,-1,down
0,-1,-1,-1,-1,-1,0,0,0,left
-12,0,-1,-12,-1,-1,-12,-1,0,down
-12,-1,-1,-12,-1,-1,-12,0,0,right
-1,-1,-1,-1,-1,-1,0,0,0,right
-1,-1,-1,-1,-1,-1,0,0,1,right
-1,-1,-1,-1,-1,0,0,0,0,down
-1,-1,0,0,0,-1,0,0,0,right
-1,0,0,0,-1,0,0,0,0,right
0,0,0,-1,0,-1,0,0,1,right
0,0,0,0,-1,0,0,0,0,down
0,-1,0,0,0,0,down
0,0,0,left
0,0,0,0,0,0,0,0,0,left
0,0,0,-1,0,0,0,0,0,left
0,0,0,0,-1,0,0,-1,0,down
0,-1,0,0,-1,0,0,0,0,down
0,-1,0,0,0,-1,0,0,0,right
-1,0,0,0,-1,0,0,0,0,right
0,0,0,-1,0,-1,0,0,1,right
0,0,0,0,-1,0,0,0,0,down
0,-1,0,0,0,-1,right
-1,0,0,0,-1,0,down
0,-1,0,left
0,0,-1,left
0,-1,0,up
-1,-1,-1,0,-1,0,up
0,-1,0,-1,-1,-1,0,-1,0,up
0,0,0,0,-1,-1,-1,-1,-1,right
0,-1,0,-1,-1,0,-1,-1,0,up
0,0,0,0,-1,-1,-1,-1,0,right
0,-1,0,-1,-1,0,-1,0,0,up
0,0,0,0,-1,-1,-1,-1,0,right
0,0,0,0,0,0,0,0,0,left
0,-1,0,0,0,0,0,0,0,up
0,-1,0,0,-1,0,0,0,0,up
0,0,0,-1,-1,0,0,-1,0,left
0,0,0,-1,-1,-1,0,0,-1,left
0,-1,0,0,-1,-1,0,0,0,up
0,0,0,0,-1,-1,0,-1,-1,right
0,-1,0,-1,-1,0,-1,-1,-1,up
1,0,0,-1,-1,0,-1,-1,0,left
0,0,0,0,-1,-1,0,-1,-1,up
-12,-12,-12,-1,0,0,0,-1,-1,left
-12,-12,-12,-1,-1,0,0,0,-1,left
-12,-12,-12,-12,-1,-1,-12,-1,0,down
-12,-1,-1,-12,-1,-1,-12,0,0,right
-1,-1,0,-1,-1,-1,0,-1,-1,down
-1,-1,-1,-1,-1,-1,0,0,-1,left
-12,-1,-1,-12,-1,-1,-12,-1,0,down
-12,-1,-1,-12,-1,-1,-12,0,0,right
-1,-1,-1,-1,-1,-1,0,-1,0,down
-1,-1,-1,0,-1,-1,0,0,0,right
0,0,0,0,0,0,0,0,0,left
0,-1,0,0,0,0,0,0,0,up
0,-1,0,0,-1,0,0,0,0,up
0,-1,0,0,-1,0,0,-1,0,up
0,0,0,-1,-1,0,0,-1,0,left
0,0,0,-1,-1,-1,0,0,-1,left
0,0,0,0,-1,-1,0,-1,0,down
0,-1,-1,0,-1,0,0,-1,0,down
0,-1,0,0,-1,-1,0,0,0,right
-1,0,-1,-1,-1,-1,0,-1,0,down
-1,-1,-1,0,-1,0,0,-1,0,down
0,-1,0,0,-1,0,0,0,0,down
0,-1,0,0,0,-1,0,0,0,right
-1,0,0,0,-1,0,0,0,0,right
0,0,0,-1,0,-1,0,0,1,right
0,0,0,0,-1,0,0,0,0,down
0,-1,0,-1,0,0,left
-1,0,-1,0,-1,0,down
0,-1,0,left
0,0,-1,left

0,0,0,0,0,0,0,0,0,left
0,0,0,0,0,-1,0,0,0,right
0,-1,0,0,-1,0,0,0,0,up
0,-1,0,0,-1,0,0,-1,0,up
0,-1,1,0,-1,0,0,-1,0,up
0,0,1,0,-1,0,0,-1,0,right
0,0,0,-1,0,0,-1,0,0,up
0,-1,0,0,0,0,-1,0,0,up
-12,-12,-12,-1,-1,0,0,0,0,left
-12,-12,-12,0,-1,-1,0,-1,0,down
0,-1,-1,0,-1,-1,0,-1,0,right
-1,-1,0,-1,-1,-1,-1,0,0,right
-1,0,0,-1,-1,0,0,-1,0,down
-1,-1,0,-1,-1,0,0,0,0,left
-1,-1,-1,-1,-1,-1,-1,-1,0,down
-1,-1,-1,-1,-1,-1,-1,0,0,right
-1,-1,0,-1,-1,-1,0,0,0,right
-1,-1,-1,-1,0,0,up
-1,-1,-1,-1,-1,-1,up
0,-1,-1,-1,-1,-1,up
0,0,0,0,0,0,0,0,0,left
0,0,0,-1,0,0,0,0,0,left
0,0,0,0,-1,0,0,-1,0,down
0,-1,0,0,-1,0,0,0,0,down
0,-1,0,0,0,0,0,-1,0,down
0,0,0,0,-1,0,down
0,-1,0,left
0,0,-1,right
0,-1,0,right
-1,0,0,right
0,-1,1,up
0,0,0,0,-1,1,up
0,0,0,0,0,-1,0,-1,1,right
0,0,0,0,-1,0,-1,0,0,down
0,-1,0,-1,0,-1,right
-1,0,0,-1,-1,0,left
0,-1,0,-1,-1,-1,down
-1,-1,-1,right
-1,-1,0,right
-1,-1,up
0,0,0,0,0,0,0,0,0,left
0,0,0,-1,0,0,0,0,0,left
0,-1,0,0,-1,0,0,0,0,up
0,0,0,-1,-1,0,0,-1,0,left
0,-1,0,0,-1,-1,0,0,-1,up
0,-1,0,0,-1,0,0,-1,-1,up
0,0,0,0,-1,-1,0,-1,0,right
0,-1,0,-1,-1,0,-1,0,0,up
1,0,0,-1,-1,0,-1,-1,0,left
0,0,0,0,-1,-1,0,-1,-1,up
-12,-12,-12,0,0,-1,0,-1,-1,right
-12,-12,-12,-1,-1,0,-1,-1,0,left
-12,-12,-12,-1,-1,-1,0,-1,-1,left
-12,-12,-12,-1,-1,-1,0,0,-1,left
-12,-12,-12,-12,-1,-1,-12,-1,0,down
-12,-1,-1,-12,-1,-1,-12,0,0,right
-1,-1,-1,-1,-1,-1,0,-1,-1,down
-1,-1,-1,0,-1,-1,0,-1,-1,down
0,-1,-1,-1,-1,-1,0,0,-1,left
-12,0,-1,-12,-1,-1,-12,-1,0,down
0,0,0,0,0,0,0,0,0,left
0,0,0,0,0,0,0,-1,0,down
0,0,0,0,-1,-1,1,0,1,right
0,0,0,-1,-1,0,0,0,0,down
-1,-1,0,0,0,-1,0,0,1,right
-1,0,0,0,-1,0,0,0,0,down
0,-1,0,-1,0,0,left
0,0,-1,0,-1,0,down
0,-1,0,left
0,0,-1,left
0,0,0,left
0,0,0,left
0,-1,0,up
0,-1,0,0,-1,0,up
0,0,0,-1,-1,0,0,-1,0,left
-12,0,0,-12,-1,-1,-12,-1,-1,down
-12,-1,-1,-12,-1,-1,down
-12,-1,-1,right
-1,-1,0,left
-12,-2,-1,up
0,0,0,0,0,0,0,0,0,left
0,-1,0,0,0,0,0,0,0,up
0,-1,0,0,-1,0,0,0,0,up
0,0,0,0,-1,-1,0,-1,0,right
0,-1,1,-1,-1,0,-1,0,0,up
0,0,1,0,-1,0,-1,-1,0,right
0,0,0,-1,0,0,-1,0,0,up
0,-1,0,0,0,0,-1,0,0,up
-12,-12,-12,-1,-1,0,0,0,0,left
-12,-12,-12,0,-1,-1,0,-1,0,down
0,-1,-1,-1,-1,0,0,-1,0,left
0,-1,-1,0,-1,-1,0,0,-1,up
-12,-12,-12,-1,-1,-1,0,-1,-1,left
-12,-12,-12,0,-1,-1,0,0,-1,left
-12,-12,-12,-1,0,-1,0,0,0,left
-12,-12,-12,0,-1,0,0,-1,0,down
0,-1,0,-1,-1,0,0,0,0,left
-12,-1,-1,-12,-1,-1,-12,0,0,up
-12,-12,-12,-12,-1,-2,-12,-1,-1,right
-12,-12,-12,-1,-2,-1,-1,-1,0,right
0,0,0,0,0,0,0,0,0,left
0,0,0,0,0,0,0,-1,0,down
0,0,0,0,-1,-1,1,0,1,right
0,0,0,-1,-1,0,0,0,0,down
-1,-1,0,0,0,-1,0,0,1,right
-1,0,0,0,-1,0,0,0,0,down
0,-1,0,0,0,-1,right
-1,0,0,0,-1,0,down
0,-1,0,right
-1,-1,up
0,-1,-1,-1,up
0,-1,0,-1,-1,-1,up
0,0,-1,-1,0,-1,left
0,0,0,-1,-1,-1,-1,0,-1,left
0,-1,0,-1,-1,-1,0,-1,0,up
0,0,0,0,-1,-1,-1,-1,-1,right
0,-1,0,-1,-1,0,-1,-1,-1,up
0,-1,0,0,-1,0,-1,-1,0,up
1,0,0,-1,-1,0,0,-1,0,left
0,0,0,0,-1,-1,0,0,-1,up
0,0,0,0,0,0,0,0,0,left
0,0,0,0,0,0,0,-1,0,down
0,0,0,0,-1,-1,1,0,1,right
0,0,0,-1,-1,0,0,0,0,down
-1,-1,0,0,0,-1,0,0,1,right
-1,0,0,0,-1,0,0,0,0,down
0,-1,0,0,0,-1,right
-1,0,0,0,-1,0,down
0,-1,0,right
-1,-1,up
0,-1,-1,-1,up
0,-1,0,-1,-1,-1,up
0,0,-1,-1,0,-1,left
0,0,0,-1,-1,-1,-1,0,-1,left
0,-1,0,-1,-1,-1,0,-1,0,up
0,0,0,0,-1,-1,-1,-1,-1,right
0,-1,0,-1,-1,0,-1,-1,-1,up
0,-1,0,0,-1,0,-1,-1,0,up
1,0,0,-1,-1,0,0,-1,0,left
0,0,0,0,-1,-1,0,0,-1,up
0,0,0,0,0,0,0,0,0,left
0,0,0,0,0,0,0,-1,0,down
0,0,0,0,-1,-1,1,0,1,right
0,0,0,-1,-1,0,0,0,0,down
-1,-1,0,0,0,-1,0,0,1,right
-1,0,0,0,-1,0,0,0,0,down
0,-1,0,0,0,-1,right
-1,0,0,0,-1,0,down
0,-1,0,right
-1,-1,up
0,-1,-1,-1,up
0,-1,0,-1,-1,-1,up
0,0,-1,-1,0,-1,left
0,0,0,-1,-1,-1,-1,0,-1,left
0,-1,0,-1,-1,-1,0,-1,0,up
0,0,0,0,-1,-1,-1,-1,-1,right
0,-1,0,-1,-1,0,-1,-1,-1,up
0,-1,0,0,-1,0,-1,-1,0,up
1,0,0,-1,-1,0,0,-1,0,left
0,0,0,0,-1,-1,0,0,-1,up
0,0,0,-1,0,0,0,0,0,left
0,0,0,0,-1,-1,0,0,0,right
0,-1,0,-1,-1,0,0,0,0,up
0,0,0,0,-1,0,-1,-1,0,up
0,0,0,-1,0,0,0,-1,0,left
0,0,0,-1,-1,0,0,0,-1,left
0,-1,0,0,-1,-1,0,0,0,up
0,-1,0,0,-1,0,0,-1,-1,up
1,0,0,-1,-1,0,0,-1,0,left
0,0,0,0,-1,-1,0,0,-1,up
-12,-12,-12,-1,0,0,0,-1,-1,left
-12,-12,-12,0,-1,0,0,0,-1,left
-12,-12,-12,-12,0,-1,-12,-1,0,down
-12,0,-1,-12,-1,0,-12,-1,0,down
-12,-1,0,-12,-1,-1,-12,0,1,right
-1,0,-1,-1,-1,0,0,0,0,down
-1,-1,0,0,0,0,0,-1,0,down
0,0,0,0,-1,-1,0,0,0,right
0,-1,-1,-1,-1,0,0,0,0,up
-1,0,-1,-1,-1,-1,-1,-1,0,left
0,0,0,-1,0,0,0,0,0,left
0,0,0,0,-1,-1,0,0,0,right
0,0,0,-1,-1,-1,0,0,0,right
0,-1,0,-1,-1,0,0,0,0,up
1,0,0,-1,-1,0,-1,-1,0,left
0,0,0,0,-1,-1,-1,-1,-1,up
0,-1,0,0,0,0,0,-1,-1,up
0,0,0,0,-1,0,0,-1,0,down
0,-1,0,-1,-1,0,0,-1,-1,left
0,0,-1,-1,-1,-1,0,0,-1,left
0,0,0,-1,-1,-1,0,0,0,left
0,0,0,0,-1,-1,0,0,0,left
0,0,0,-1,0,-1,0,0,0,left
-12,0,0,-12,-1,-1,-12,0,0,right
0,0,0,-1,-1,-1,0,-1,0,down
-1,-1,-1,-1,-1,0,0,0,0,left
-12,-1,-1,-12,-1,-1,-12,-1,0,down
-12,-1,-1,-12,-1,-1,-12,0,1,right
-1,-1,0,-1,-1,0,0,0,0,down
-1,-1,0,-1,0,0,0,0,0,left
0,0,0,0,0,0,0,0,0,left
0,-1,0,0,0,0,0,0,0,up
0,0,0,-1,-1,0,0,0,0,left
0,0,0,0,-1,-1,0,-1,0,down
0,-1,-1,-1,-1,0,0,0,0,left
0,-1,-1,0,-1,-1,0,0,0,up
0,0,0,-1,-1,-1,0,-1,-1,left
0,0,0,-1,-1,-1,0,0,-1,left
-12,0,0,-12,-1,-1,-12,-1,0,down
-12,-1,-1,-12,-1,0,-12,-1,0,down
-12,-1,0,-12,-1,-1,-12,0,0,right
-1,0,-1,-1,-1,0,0,-1,0,down
-1,-1,0,0,-1,-1,0,0,0,right
-1,0,0,-1,-1,0,0,0,0,right
0,-1,0,-1,0,0,0,0,0,up
-1,-1,0,-1,-1,0,-1,0,0,left
0,-1,-1,-1,-1,-1,-1,-2,0,down
-1,-1,-1,-1,-2,0,0,-1,0,down
-1,-2,0,0,-1,-1,right
-2,0,0,-1,-1,0,down
0,0,0,0,0,0,0,0,0,left
0,-1,0,0,0,0,0,0,0,up
0,0,0,0,-1,0,0,-1,0,down
0,-1,0,-1,-1,0,0,0,0,left
0,0,-1,-1,-1,-1,0,0,0,left
0,0,0,-1,-1,-1,0,0,0,left
0,0,0,-1,-1,-1,0,0,0,left
-12,-1,0,-12,-1,-1,-12,0,0,up
-12,0,0,-12,-1,-1,-12,-1,-1,right
0,0,0,-1,-1,-1,-1,-1,-1,right
0,0,0,-1,-1,-1,-1,-1,-1,right
0,-1,0,-1,-1,-1,-1,-1,-1,up
0,-1,0,0,-1,0,-1,-1,-1,up
0,0,0,-1,-1,0,0,-1,0,left
0,-1,0,0,-1,-1,0,0,-1,up
0,0,0,0,-1,0,0,-1,-1,up
-12,-12,-12,-1,0,0,0,-1,0,left
-12,-12,-12,0,-1,-1,0,0,-1,right
-12,-12,-12,-1,-1,-1,0,-1,0,right
-12,-12,-12,-1,-1,0,-1,-1,0,down
0,0,0,0,0,0,0,0,0,left
0,0,0,-1,0,0,0,0,0,left
0,0,0,-1,-1,0,0,0,0,left
0,0,0,0,-1,-1,0,-1,0,down
0,-1,-1,0,-1,-1,0,0,1,right
-1,-1,0,-1,-1,0,0,0,0,down
-1,-1,0,0,0,-1,0,0,0,right
-1,0,0,0,-1,0,0,0,0,right
0,0,0,-1,0,-1,0,0,1,right
0,0,0,0,-1,0,0,0,0,down
0,-1,0,0,0,0,down
0,0,0,left
0,-1,0,up
-1,0,-1,0,-1,-1,right
0,-1,0,-1,-1,-1,right
-1,0,0,-1,-1,-1,right
0,-1,-1,-1,up
0,-1,0,-1,-1,-1,up
0,-1,0,-1,0,-1,up
0,-1,0,-1,0,-1,up
0,0,0,0,0,0,0,0,0,left
0,0,0,-1,0,0,0,0,0,left
0,-1,0,0,-1,0,0,0,0,up
0,0,0,-1,-1,0,0,-1,0,left
0,-1,0,0,-1,-1,0,0,-1,up
0,0,0,0,-1,-1,0,-1,-1,right
0,0,0,-1,-1,-1,-1,-1,0,right
0,0,0,-1,-1,0,-1,-1,0,down
-1,-1,0,-1,-1,0,-1,-1,0,down
-1,-1,0,-1,-1,-1,0,0,0,right
-1,0,0,-1,-1,0,0,-1,0,down
-1,-1,0,0,-1,0,0,0,0,down
0,-1,0,0,0,-1,0,0,1,right
-1,0,0,0,-1,0,0,0,0,down
0,-1,0,0,0,0,down
0,0,0,left
0,0,0,left
0,0,0,left
0,0,0,left
0,0,0,right
0,0,0,0,0,0,0,0,0,left
0,-1,0,0,0,0,0,0,0,up
0,0,0,-1,-1,0,0,0,0,left
0,0,0,-1,-1,-1,0,0,0,left
0,-1,0,0,-1,-1,0,0,0,up
0,-1,0,0,-1,0,0,-1,-1,up
0,0,0,0,-1,-1,0,-1,0,right
0,0,0,-1,-1,-1,-1,0,0,right
0,0,0,-1,-1,0,0,-1,0,down
-1,-1,0,0,-1,-1,-1,-1,0,right
-1,-1,1,-1,-1,0,-1,0,0,up
0,0,1,-1,-1,0,-1,-1,0,right
0,0,0,-1,0,0,-1,0,0,up
0,0,0,-1,0,0,-1,0,0,left
0,0,0,-1,-1,0,-1,-1,0,left
0,0,0,-1,-1,-1,-1,-1,-1,left
1,0,0,-1,-1,-1,-1,-1,-1,left
0,0,0,0,-1,-1,0,-1,-1,up
-12,-12,-12,-1,0,0,0,-1,-1,left
-12,-12,-12,-1,-1,0,0,0,-1,left

0,0,0,0,0,0,0,0,0,left
0,-1,0,0,0,0,0,0,0,up
0,-1,0,0,-1,0,0,0,0,up
0,0,0,0,-1,-1,0,-1,0,right
0,-1,1,-1,-1,0,-1,0,0,up
0,0,1,0,-1,0,-1,-1,0,right
0,0,0,-1,0,0,-1,0,0,up
0,0,0,-1,0,0,-1,0,0,left
0,-1,0,0,-1,0,0,-1,0,up
-12,-12,-12,0,-1,-1,0,-1,0,right
-12,-12,-12,-1,-1,0,-1,-1,0,down
-1,-1,0,-1,-1,-1,-1,0,0,right
-1,0,0,-1,-1,-1,0,0,0,right
0,0,-1,-1,0,-1,down
-1,-1,-1,-1,0,0,left
-1,-1,-1,-1,-1,-1,0,0,0,left
-1,-1,-1,-1,-1,-1,-1,-1,0,down
-1,-1,-1,-1,-1,-1,0,0,0,right
-1,-1,-1,-1,-1,-1,0,0,0,right
-1,-1,-1,-1,0,0,right
0,0,0,0,0,0,0,0,0,left
0,0,0,-1,0,0,0,0,0,left
0,0,0,-1,-1,0,0,0,0,left
0,0,0,-1,-1,-1,0,0,0,left
0,-1,0,0,-1,-1,0,0,0,up
0,0,0,-1,-1,0,0,-1,-1,left
-12,0,0,-12,-1,-1,-12,-1,-1,down
-12,-1,-1,-12,-1,-1,-12,-1,0,down
-12,-1,-1,-12,-1,0,-12,-1,0,down
-12,-1,0,-12,-1,0,-12,-1,0,down
-12,-1,0,-12,-1,-1,right
-1,-1,0,-1,-1,0,up
-1,0,0,-1,-1,-1,-1,-1,0,right
0,0,0,-1,-1,0,-1,0,0,right
0,0,0,-1,0,-1,0,0,0,right
0,0,0,0,-1,0,0,0,0,right
0,0,0,-1,0,-1,0,0,1,right
0,0,0,0,-1,0,0,0,0,down
0,-1,0,0,0,0,down
0,0,0,left
0,0,0,0,0,0,0,0,0,left
0,-1,0,0,0,0,0,0,0,up
0,-1,0,0,-1,0,0,0,0,up
0,-1,0,0,-1,0,0,-1,0,up
0,0,0,0,-1,-1,0,-1,0,right
0,0,1,-1,-1,0,-1,0,0,right
0,0,0,-1,0,0,0,0,0,up
0,0,0,0,0,-1,-1,0,0,right
0,-1,0,0,-1,0,0,0,0,up
-12,-12,-12,0,-1,-1,0,-1,0,right
-12,-12,-1,-1,-1,-1,down
-1,-1,-1,-1,0,-1,down
-1,-1,0,-1,0,-1,down
0,-1,0,-1,0,-1,down
0,-1,0,-1,0,0,right
-1,-1,0,up
-1,-1,-1,up
-1,-1,-1,up
-1,-1,-1,up
-12,-2,-1,left
0,0,0,0,0,0,0,0,0,left
0,0,0,0,0,0,0,-1,0,down
0,0,0,0,-1,-1,1,0,1,right
0,0,0,-1,-1,0,0,0,0,down
-1,-1,0,0,0,-1,0,0,1,right
-1,0,0,0,-1,0,0,0,0,down
0,-1,0,0,0,0,down
0,0,0,left
0,0,0,left
0,0,0,left
0,-1,0,up
0,0,0,0,-1,0,up
0,-1,-1,0,0,0,0,-1,0,up
0,-1,0,0,-1,-1,0,0,0,up
0,0,0,0,-1,-1,0,-1,-1,right
0,-1,0,-1,-1,0,-1,-1,-1,up
0,0,0,-1,-1,0,-1,-1,0,left
0,-1,0,0,-1,-1,0,-1,-1,up
0,0,0,0,-1,-1,0,-1,-1,right
0,0,0,-1,-1,-1,-1,-1,0,right
0,0,0,0,0,0,0,0,0,left
0,0,0,-1,0,0,0,0,0,left
0,0,0,0,-1,-1,0,0,0,right
0,0,0,-1,-1,-1,0,0,0,right
0,0,0,-1,-1,0,0,-1,0,down
-1,-1,0,0,-1,0,0,0,0,down
0,-1,0,0,0,-1,0,0,1,right
-1,0,0,0,-1,0,0,0,0,down
0,-1,0,0,0,0,down
0,0,0,left
0,0,0,left
0,0,0,left
0,0,0,left
0,0,0,right
0,-1,0,up
0,0,0,0,-1,0,up
0,0,0,0,0,-1,0,-1,0,right
0,0,-1,0,-1,-1,-1,0,0,right
0,-1,0,-1,-1,-1,0,-1,0,down
-1,-1,-1,-1,-1,0,left
0,0,0,0,0,0,0,0,0,left
0,0,0,0,0,0,0,-1,0,down
0,0,0,0,-1,-1,1,0,1,right
0,0,0,-1,-1,0,0,0,0,down
-1,-1,0,0,0,-1,0,0,1,right
-1,0,0,0,-1,0,0,0,0,down
0,-1,0,0,0,-1,right
-1,0,0,0,-1,0,down
0,-1,0,right
-1,-1,up
0,-1,-1,-1,up
0,-1,0,-1,-1,-1,up
0,0,-1,-1,0,-1,left
0,0,0,-1,-1,-1,-1,0,-1,left
0,-1,0,-1,-1,-1,0,-1,0,up
0,0,0,0,-1,-1,-1,-1,-1,right
0,-1,0,-1,-1,0,-1,-1,-1,up
0,-1,0,0,-1,0,-1,-1,0,up
1,0,0,-1,-1,0,0,-1,0,left
0,0,0,0,-1,-1,0,0,-1,up
0,0,0,0,0,0,0,0,0,left
0,0,0,0,0,0,0,-1,0,down
0,0,0,0,-1,-1,1,0,1,right
0,0,0,-1,-1,0,0,0,0,down
-1,-1,0,0,0,-1,0,0,1,right
-1,0,0,0,-1,0,0,0,0,down
0,-1,0,0,0,-1,right
-1,0,0,0,-1,0,down
0,-1,0,right
-1,-1,up
0,-1,-1,-1,up
0,-1,0,-1,-1,-1,up
0,0,-1,-1,0,-1,left
0,0,0,-1,-1,-1,-1,0,-1,left
0,-1,0,-1,-1,-1,0,-1,0,up
0,0,0,0,-1,-1,-1,-1,-1,right
0,-1,0,-1,-1,0,-1,-1,-1,up
0,-1,0,0,-1,0,-1,-1,0,up
1,0,0,-1,-1,0,0,-1,0,left
0,0,0,0,-1,-1,0,0,-1,up
0,0,0,0,0,0,0,0,0,left
0,0,0,0,0,0,0,-1,0,down
0,0,0,0,-1,-1,1,0,1,right
0,0,0,-1,-1,0,0,0,0,down
-1,-1,0,0,0,-1,0,0,1,right
-1,0,0,0,-1,0,0,0,0,down
0,-1,0,0,0,-1,right
-1,0,0,0,-1,0,down
0,-1,0,right
-1,-1,up
0,-1,-1,-1,up
0,-1,0,-1,-1,-1,up
0,0,-1,-1,0,-1,left
0,0,0,-1,-1,-1,-1,0,-1,left
0,-1,0,-1,-1,-1,0,-1,0,up
0,0,0,0,-1,-1,-1,-1,-1,right
0,-1,0,-1,-1,0,-1,-1,-1,up
0,-1,0,0,-1,0,-1,-1,0,up
1,0,0,-1,-1,0,0,-1,0,left
0,0,0,0,-1,-1,0,0,-1,up
0,-1,0,0,0,0,0,0,0,up
0,0,0,0,-1,0,0,0,0,up
0,0,0,-1,0,0,0,-1,0,left
0,0,0,0,-1,-1,0,0,-1,right
0,-1,0,-1,-1,0,0,-1,0,up
0,0,0,0,-1,-1,-1,-1,0,right
0,0,0,-1,-1,-1,-1,0,0,right
0,0,0,-1,-1,0,0,0,0,right
0,0,-1,0,0,-1,down
-1,-1,0,-1,0,0,up
0,-1,-1,-1,0,-1,up
0,0,-1,-1,-1,-1,left
1,0,0,-1,-1,-1,-1,-1,-1,left
0,0,0,0,-1,-1,-1,-1,-1,up
-12,-12,-12,0,0,-1,0,-1,-1,right
-12,-12,-12,-1,-1,0,-1,-1,-1,left
-12,-12,-12,-1,-1,-1,0,-1,-1,left
-12,-12,-12,-1,-1,-1,0,0,-1,left
-12,-12,-12,0,-1,-1,0,-1,0,down
0,-1,-1,0,-1,0,0,-1,-1,down
0,0,0,-1,0,0,0,0,0,left
0,0,0,0,-1,0,0,-1,0,down
0,-1,0,0,-1,-1,0,0,0,right
-1,-1,0,-1,-1,0,0,0,0,up
0,-1,0,-1,-1,0,-1,-1,0,up
0,0,0,0,-1,0,-1,-1,0,up
0,-1,0,0,0,0,0,-1,0,up
0,-1,0,0,-1,0,0,0,0,up
0,-1,1,0,-1,0,0,-1,0,up
-12,-12,-12,0,-1,0,0,-1,0,right
-12,-12,-12,-1,0,0,-1,-1,0,down
-1,0,0,-1,-1,-1,-1,0,0,right
0,0,0,-1,-1,-1,0,0,1,right
0,0,-1,-1,0,0,down
-1,-1,-1,0,0,0,left
-1,-1,-1,0,-1,0,0,-1,0,down
0,-1,0,0,-1,-1,0,0,0,right
-1,0,-1,-1,0,0,right
0,-1,0,down
-1,-1,0,left
0,0,0,0,0,0,0,0,0,left
0,0,0,0,0,0,0,-1,0,down
0,0,0,0,-1,-1,1,0,1,right
0,0,0,-1,-1,0,0,0,0,down
-1,-1,0,0,0,-1,0,0,1,right
-1,0,0,0,-1,0,0,0,0,down
0,-1,0,-1,0,0,left
0,0,-1,0,-1,0,down
0,-1,0,left
0,0,-1,left
0,-1,0,up
0,0,0,0,-1,0,up
0,-1,-1,0,0,0,0,-1,0,up
0,0,0,-1,-1,-1,0,0,0,left
0,-1,0,0,-1,-1,0,0,0,up
0,0,0,0,-1,-1,0,-1,-1,right
0,0,0,-1,-1,-1,-1,-1,-1,right
0,-1,0,-1,-1,0,-1,-1,-1,up
0,0,0,-1,-1,0,-1,-1,0,left
0,0,0,-1,-1,-1,-1,-1,-1,left
0,0,0,0,0,0,0,0,0,left
0,0,0,-1,0,0,0,0,0,left
0,0,0,0,-1,0,0,-1,0,down
0,-1,0,0,-1,0,0,0,0,down
0,-1,0,-1,0,0,0,0,0,left
0,0,-1,-1,-1,0,0,0,0,left
0,0,0,-1,-1,-1,0,0,0,left
-12,-1,0,-12,-1,-1,-12,0,0,up
-12,0,0,-12,-1,-1,-12,-1,-1,right
0,-1,0,-1,-1,0,-1,-1,-1,up
0,0,0,0,-1,-1,-1,-1,0,right
0,-1,0,-1,-1,-1,-1,0,-1,up
0,-1,0,0,-1,0,-1,-1,-1,up
0,-1,0,0,-1,0,0,-1,0,up
0,0,0,0,-1,-1,0,-1,0,right
0,0,0,-1,-1,-1,-1,0,0,right
0,0,0,-1,-1,0,0,-1,0,down
-1,-1,0,-1,-1,0,0,0,0,left
-1,-1,-1,-1,-1,-1,-1,-1,0,down
-1,-1,-1,-1,-1,-1,-1,-1,0,right
0,0,0,0,0,0,0,0,0,left
0,0,0,0,0,0,0,-1,0,down
0,0,0,0,-1,-1,1,0,1,right
0,0,0,-1,-1,0,0,0,0,down
-1,-1,0,0,0,-1,0,0,1,right
-1,0,0,0,-1,0,0,0,0,down
0,-1,0,0,0,-1,right
-1,0,0,0,-1,0,down
0,-1,0,right
-1,-1,up
0,0,-1,-1,right
0,-1,up
0,-1,-1,left
0,-1,0,-1,-1,-1,up
0,0,-1,-1,0,-1,left
0,0,0,0,-1,-1,-1,-1,-1,down
0,-2,-1,-1,-1,-1,0,-1,-1,up
0,-1,0,0,-2,-1,-1,-1,-1,up
0,0,0,-1,-1,0,0,-2,-1,left
0,0,0,-1,-1,-1,-1,0,-2,left
0,0,0,0,0,0,0,0,0,left
0,0,0,0,0,0,0,-1,0,down
0,0,0,0,-1,-1,1,0,1,right
0,0,0,-1,-1,0,0,0,0,down
-1,-1,0,0,0,-1,0,0,1,right
-1,0,0,0,-1,0,0,0,0,down
0,-1,0,-1,0,0,left
0,0,-1,0,-1,0,down
0,-1,0,right
-1,0,0,left
0,-1,0,left
0,0,-1,left
0,0,0,left
0,-1,0,up
0,-1,1,0,-1,0,up
0,0,0,0,-1,0,0,-1,0,right
0,0,-1,-1,0,0,-1,-1,0,down
-1,-1,0,-1,-1,0,up
0,-1,-1,-1,-1,0,-1,-1,0,up
0,0,0,-1,-1,-1,-1,-1,0,left
0,0,0,0,0,0,0,0,0,left
0,0,0,-1,0,0,0,0,0,left
0,-1,0,0,-1,0,0,0,0,up
0,0,0,0,-1,-1,0,-1,0,right
0,0,0,-1,-1,0,-1,-1,0,down
-1,-1,0,-1,-1,0,0,-1,0,down
-1,-1,0,0,-1,-1,1,0,1,right
-1,0,0,-1,-1,0,0,0,0,down
-1,-1,0,0,0,-1,0,0,1,right
-1,0,0,0,-1,0,0,0,0,down
0,-1,0,0,0,0,down
0,0,0,left
0,0,0,left
0,0,0,left
0,0,0,left
0,0,0,right
0,-1,0,up
0,0,0,0,-1,0,up
0,0,-1,-1,0,0,0,-1,0,left
0,-1,0,0,-1,0,0,0,-1,up

0,0,0,0,0,0,0,0,0,left
0,0,0,0,0,-1,0,0,0,right
0,0,0,-1,-1,0,0,0,0,left
0,0,0,-1,-1,-1,0,0,0,left
0,0,0,-1,-1,-1,0,0,0,left
0,0,0,-1,-1,-1,0,0,0,left
0,-1,0,0,-1,-1,0,0,0,up
0,0,0,-1,-1,0,0,-1,-1,left
-12,0,0,-12,-1,-1,-12,-1,-1,down
-12,-1,-1,-12,-1,-1,-12,-1,0,down
-12,-1,-1,-12,-1,0,-12,-1,0,down
-12,-1,0,-12,-1,-1,-12,0,0,right
-1,-1,0,-1,-1,0,0,0,0,up
-1,-1,-1,-1,-1,-1,-1,-1,0,right
-1,-1,-1,-1,-1,-1,-1,0,1,right
-1,-1,-1,-1,-1,0,0,0,0,down
-1,-1,0,0,0,-1,0,0,0,right
-1,0,0,0,-1,0,0,0,0,right
0,0,0,-1,0,-1,0,0,1,right
0,0,0,0,-1,0,0,0,0,down
0,0,0,0,0,0,0,0,0,left
0,0,0,0,0,0,0,-1,0,down
0,0,0,0,-1,-1,1,0,1,right
0,0,0,-1,-1,0,0,0,0,down
-1,-1,0,0,0,-1,0,0,1,right
-1,0,0,0,-1,0,0,0,0,down
0,-1,0,-1,0,0,left
0,0,-1,0,-1,0,down
0,-1,0,left
0,0,-1,left
0,-1,0,up
0,0,0,0,-1,0,up
0,0,-1,-1,0,0,0,-1,0,left
0,0,0,-1,-1,0,0,0,-1,left
0,0,0,-1,-1,-1,0,0,0,left
-12,0,0,-12,-1,-1,-12,-1,0,down
-12,-1,-1,-12,-1,0,down
-12,-1,0,right
-1,0,0,right
0,0,-1,right
0,0,0,0,0,0,0,0,0,left
0,0,0,0,0,0,0,-1,0,down
0,0,0,0,-1,-1,1,0,1,right
0,0,0,-1,-1,0,0,0,0,down
-1,-1,0,0,0,-1,0,0,1,right
-1,0,0,0,-1,0,0,0,0,down
0,-1,0,0,0,0,down
0,0,0,left
0,-1,0,up
0,0,-1,-1,-1,0,left
1,0,0,-1,-1,-1,left
0,0,0,0,-1,-1,up
0,0,-1,-1,0,0,0,-1,-1,left
0,0,0,0,-1,-1,0,0,-1,right
0,0,-1,-1,-1,-1,0,-1,-1,right
0,-1,-1,-1,-1,-1,-1,-1,-1,right
-1,-1,0,-1,-1,-2,-1,-1,0,right
-1,-1,0,-1,-2,0,-1,0,0,up
0,-1,0,-1,-1,0,-1,-2,0,up
0,0,0,0,-1,-1,-1,-1,0,right
0,0,0,0,0,0,0,0,0,left
0,-1,0,0,0,0,0,0,0,up
0,-1,0,0,-1,0,0,0,0,up
0,-1,0,0,-1,0,0,-1,0,up
0,0,0,0,-1,-1,0,-1,0,right
0,0,1,-1,-1,0,-1,0,0,right
0,0,0,-1,0,0,0,0,0,up
0,-1,0,0,0,0,-1,0,0,up
-12,-12,-12,0,-1,0,0,-1,0,down
0,-1,0,-1,-1,0,-1,0,0,left
0,-1,-1,0,-1,-1,-1,-1,0,up
-12,-12,-12,-1,-1,-1,0,-1,-1,left
-12,-12,-12,-1,-1,-1,0,0,-1,left
-12,-12,-12,0,-1,-1,0,0,0,left
-12,-12,-12,-1,0,-1,0,0,0,left
-12,-12,-12,0,-1,-1,0,0,0,right
-12,-12,-12,-1,-1,-1,0,-1,0,down
-1,-1,-1,0,-1,0,0,-1,0,down
0,-1,0,0,-1,0,0,-1,0,down
0,-1,0,0,-1,0,0,-1,0,down
0,0,0,0,0,0,0,0,0,left
0,0,0,0,0,-1,0,0,0,right
0,0,0,-1,-1,0,0,0,0,left
0,-1,0,0,-1,-1,0,0,0,up
0,-1,0,0,-1,0,0,-1,-1,up
0,0,0,0,-1,-1,0,-1,0,right
0,-1,1,-1,-1,0,-1,0,0,up
0,0,1,0,-1,0,-1,-1,0,right
0,0,0,-1,0,0,-1,0,0,up
0,-1,0,0,0,0,-1,0,0,up
-12,-12,-12,-1,-1,0,0,0,0,left
-12,-12,-12,0,-1,-1,0,-1,0,down
0,-1,-1,-1,-1,0,0,-1,0,left
0,0,-1,-1,-1,-1,0,0,-1,left
1,0,0,-1,-1,-1,0,0,0,left
0,0,0,0,-1,-1,0,0,0,up
-12,-12,-12,0,0,-1,0,-1,-1,right
-12,-12,-12,0,-1,-1,-1,-1,-1,right
-12,-12,-12,-2,-1,-1,-1,-1,-1,left
-12,-12,-12,-1,-2,-1,-1,-1,-1,left
0,0,0,0,0,0,0,0,0,left
0,0,0,0,0,0,0,-1,0,down
0,0,0,0,-1,-1,1,0,1,right
0,0,0,-1,-1,0,0,0,0,down
-1,-1,0,0,0,-1,0,0,1,right
-1,0,0,0,-1,0,0,0,0,down
0,-1,0,0,0,-1,right
-1,0,0,0,-1,0,down
0,-1,0,right
-1,-1,up
0,-1,-1,-1,up
0,-1,0,-1,-1,-1,up
0,0,-1,-1,0,-1,left
0,0,0,-1,-1,-1,-1,0,-1,left
0,-1,0,-1,-1,-1,0,-1,0,up
0,0,0,0,-1,-1,-1,-1,-1,right
0,-1,0,-1,-1,0,-1,-1,-1,up
0,-1,0,0,-1,0,-1,-1,0,up
1,0,0,-1,-1,0,0,-1,0,left
0,0,0,0,-1,-1,0,0,-1,up
0,0,0,0,0,0,0,0,0,left
0,0,0,0,0,0,0,-1,0,down
0,0,0,0,-1,-1,1,0,1,right
0,0,0,-1,-1,0,0,0,0,down
-1,-1,0,0,0,-1,0,0,1,right
-1,0,0,0,-1,0,0,0,0,down
0,-1,0,0,0,-1,right
-1,0,0,0,-1,0,down
0,-1,0,right
-1,-1,up
0,-1,-1,-1,up
0,-1,0,-1,-1,-1,up
0,0,-1,-1,0,-1,left
0,0,0,-1,-1,-1,-1,0,-1,left
0,-1,0,-1,-1,-1,0,-1,0,up
0,0,0,0,-1,-1,-1,-1,-1,right
0,-1,0,-1,-1,0,-1,-1,-1,up
0,-1,0,0,-1,0,-1,-1,0,up
1,0,0,-1,-1,0,0,-1,0,left
0,0,0,0,-1,-1,0,0,-1,up
0,0,0,0,0,0,0,0,0,left
0,0,0,0,0,0,0,-1,0,down
0,0,0,0,-1,-1,1,0,1,right
0,0,0,-1,-1,0,0,0,0,down
-1,-1,0,0,0,-1,0,0,1,right
-1,0,0,0,-1,0,0,0,0,down
0,-1,0,0,0,-1,right
-1,0,0,0,-1,0,down
0,-1,0,right
-1,-1,up
0,-1,-1,-1,up
0,-1,0,-1,-1,-1,up
0,0,-1,-1,0,-1,left
0,0,0,-1,-1,-1,-1,0,-1,left
0,-1,0,-1,-1,-1,0,-1,0,up
0,0,0,0,-1,-1,-1,-1,-1,right
0,-1,0,-1,-1,0,-1,-1,-1,up
0,-1,0,0,-1,0,-1,-1,0,up
1,0,0,-1,-1,0,0,-1,0,left
0,0,0,0,-1,-1,0,0,-1,up
0,0,0,0,0,0,0,-1,0,down
0,0,0,0,-1,0,0,-1,0,down
0,-1,0,0,-1,0,0,0,0,down
0,-1,0,-1,0,0,left
0,0,-1,0,-1,0,down
0,-1,0,left
0,-1,-1,up
0,-1,0,0,-1,-1,up
0,0,0,-1,-1,0,0,-1,-1,left
1,0,0,-1,-1,-1,0,0,-1,left
0,0,0,0,-1,-1,0,0,0,up
0,0,0,0,0,-1,0,-1,-1,right
0,0,0,-1,-1,0,-1,-1,-1,left
0,0,0,-1,-1,-1,0,-1,-1,left
-12,0,0,-12,-1,-1,-12,-1,-1,down
-12,-1,-1,-12,-1,-1,-12,-1,0,down
-12,-1,-1,-12,-1,-1,right
-1,-1,-1,-1,-1,-1,right
-1,-1,-1,-1,-1,-1,down
-1,-1,-1,left
0,-1,0,0,0,0,0,0,0,up
0,0,0,0,-1,0,0,0,0,up
0,0,0,0,0,-1,0,-1,0,right
0,0,0,0,-1,-1,-1,0,0,right
0,-1,1,-1,-1,0,0,0,0,up
0,0,0,0,-1,0,-1,-1,0,right
0,0,-1,0,-1,0,right
0,0,0,down
0,0,0,down
0,-1,0,left
-1,-1,0,-1,0,0,up
-1,-1,-1,-1,0,-1,up
0,-1,-1,-1,-1,-1,up
0,-1,0,-1,-1,-1,up
-12,-12,0,-1,0,-1,right
-12,-1,-1,down
-1,-1,-1,down
-1,-1,-1,down
-1,-1,-1,down
-1,-1,0,down
0,0,0,0,0,0,0,0,0,left
0,-1,0,0,0,0,0,0,0,up
0,0,0,0,-1,-1,0,0,0,right
0,0,0,-1,-1,0,0,-1,0,down
-1,-1,0,0,-1,-1,0,0,0,right
-1,0,0,-1,-1,-1,0,0,0,right
0,0,0,-1,-1,0,0,-1,0,down
-1,-1,0,-1,-1,0,0,0,0,left
-1,-1,-1,0,-2,-1,1,0,0,left
-1,-1,-1,0,-3,-1,1,0,0,left
-1,-1,-1,0,-4,-1,1,0,0,left
-1,-1,-1,0,-5,-1,1,0,0,left
-1,-1,-1,0,-6,-1,1,0,0,left
0,0,0,0,0,0,0,0,0,left
0,-1,0,0,0,0,0,0,0,up
0,0,0,0,-1,0,0,-1,0,down
0,-1,0,0,-1,0,0,-1,0,down
0,-1,0,0,-1,-1,1,0,1,right
-1,0,0,-1,-1,0,0,0,0,down
-1,-1,0,0,0,-1,0,0,1,right
-1,0,0,0,-1,0,0,0,0,down
0,-1,0,-1,0,0,left
0,0,-1,0,-1,0,down
0,-1,0,right
-1,0,0,right
0,0,0,right
0,0,right
0,up
0,-1,left
0,0,-1,-1,left
-1,-1,0,0,-1,-1,up
0,-1,0,-1,-1,0,0,-1,-1,up
0,-1,0,0,-1,0,-1,-1,0,up
0,0,0,0,0,0,0,0,0,left
0,-1,0,0,0,0,0,0,0,up
0,0,0,0,-1,-1,0,0,0,right
0,-1,0,-1,-1,0,0,0,0,up
0,-1,1,0,-1,0,-1,-1,0,up
0,0,1,0,-1,0,0,-1,0,right
0,0,0,-1,0,0,-1,0,0,up
0,0,0,0,0,-1,-1,0,0,right
0,-1,0,0,-1,0,0,0,0,up
-12,-12,-12,-1,-1,0,0,-1,0,left
-12,-12,-12,0,-1,-1,0,-1,-1,down
0,-1,-1,0,-1,-1,-1,-1,0,down
0,-1,-1,-1,-1,-1,-1,0,0,right
-1,-1,0,-1,-1,0,0,-1,0,down
-1,-1,0,0,-1,0,0,-1,0,down
0,-1,0,0,-1,-1,0,0,0,right
-1,-1,-1,-1,0,0,up
-1,0,-1,-1,-1,-1,right
0,-1,-1,down
-1,-1,0,down
0,0,0,0,0,0,0,0,0,left
0,-1,0,0,0,0,0,0,0,up
0,0,0,0,-1,0,0,-1,0,down
0,-1,0,0,-1,-1,0,0,0,right
-1,0,0,-1,-1,-1,0,0,0,right
0,0,0,-1,-1,0,0,-1,0,down
-1,-1,0,0,-2,0,1,0,0,down
-1,-1,0,0,-3,0,1,0,0,down
-1,-1,0,0,-4,0,1,0,0,down
-1,-1,0,0,-5,0,1,0,0,down
-1,-1,0,0,-6,0,1,0,0,down
0,0,0,0,0,0,0,0,0,left
0,0,0,0,0,0,0,-1,0,down
0,0,0,0,-1,-1,1,0,1,right
0,0,0,-1,-1,0,0,0,0,down
-1,-1,0,0,0,-1,0,0,1,right
-1,0,0,0,-1,0,0,0,0,down
0,-1,0,0,0,-1,right
-1,0,0,0,-1,-1,right
0,0,-1,-1,down
-1,-1,left
0,-1,-1,left
0,0,-1,left
0,0,0,left
0,0,0,left
0,0,0,left
0,-1,0,up
0,-1,1,0,-1,0,up
0,0,0,0,-1,0,0,-1,0,right
0,0,-1,-1,0,0,-1,-1,0,down
-1,-1,0,-1,-1,0,up

0,0,0,0,0,0,0,0,0,left
0,-1,0,0,0,0,0,0,0,up
0,0,0,0,-1,0,0,-1,0,down
0,-1,0,0,-1,-1,0,0,0,right
-1,0,0,-1,-1,-1,0,0,0,right
0,0,0,-1,-1,0,0,-1,0,down
-1,-1,0,0,-2,0,1,0,0,down
-1,-1,0,0,-3,0,1,0,0,down
-1,-1,0,0,-4,0,1,0,0,down
-1,-1,0,0,-5,0,1,0,0,down
-1,-1,0,0,-6,0,1,0,0,down
0,0,0,0,0,0,0,0,0,left
0,0,0,0,0,0,0,-1,0,down
0,0,0,0,-1,-1,1,0,1,right
0,0,0,-1,-1,0,0,0,0,down
-1,-1,0,0,0,-1,0,0,1,right
-1,0,0,0,-1,0,0,0,0,down
0,-1,0,0,0,-1,right
-1,0,0,-1,-1,0,left
0,-1,0,-1,-1,-1,left
0,0,-1,0,-1,-1,down
0,-1,-1,left
0,0,-1,left
0,-1,0,up
0,0,0,0,-1,0,up
0,0,-1,-1,0,0,0,-1,0,left
0,-1,0,0,-1,0,0,0,-1,up
0,0,0,0,-1,-1,0,-1,0,right
0,0,0,-1,-1,-1,-1,-1,0,down
-1,-1,-1,-1,-1,-1,0,-1,0,right
-1,-1,-1,-1,-1,0,-1,-1,-1,down
0,0,0,0,0,0,0,0,0,left
0,0,0,-1,0,0,0,0,0,left
0,0,0,0,-1,0,0,-1,0,down
0,-1,0,0,-1,0,0,0,0,down
0,-1,0,0,0,-1,0,0,0,right
-1,0,0,0,-1,0,0,0,0,right
0,0,0,-1,0,-1,0,0,1,right
0,0,0,0,-1,0,0,0,0,down
0,-1,0,0,0,-1,right
-1,0,0,-1,-1,0,left
0,-1,0,-1,-1,-1,left
-1,0,-1,0,-1,-1,down
0,-1,-1,left
0,0,-1,left
0,-1,0,up
0,0,-1,0,-1,-1,right
0,-1,0,-2,-1,-1,left
0,0,-1,-1,-2,-1,left
0,0,0,-1,-1,-2,left
0,-1,0,0,-1,-1,up
0,0,0,0,0,0,0,0,0,left
0,0,0,0,0,-1,0,0,0,right
0,-1,0,0,-1,0,0,0,0,up
0,0,0,0,-1,-1,0,-1,0,right
0,0,0,-1,-1,-1,-1,0,0,right
0,-1,0,-1,-1,0,0,0,0,up
1,0,0,-1,-1,0,-1,-1,0,left
0,0,0,0,-1,-1,-1,-1,-1,up
0,0,0,0,0,0,0,-1,-1,up
0,0,0,-1,0,0,0,0,0,left
0,0,0,0,-1,0,0,-1,0,down
0,-1,0,0,-1,0,0,-1,-1,down
0,-1,0,-1,-1,-1,0,-1,-1,left
0,0,-1,0,-1,-1,0,-1,-1,down
0,-1,-1,-1,-1,-1,0,0,-1,left
0,-1,-1,0,-1,-1,0,0,0,up
0,-1,0,0,-1,-1,0,-1,-1,up
0,0,0,-1,-1,0,0,-1,-1,left
0,-1,0,0,-1,-1,0,0,-1,up
0,0,0,0,-1,0,0,-1,-1,up
0,0,0,0,0,0,0,0,0,left
0,-1,0,0,0,0,0,0,0,up
0,0,0,-1,-1,0,0,0,0,left
0,-1,0,0,-1,-1,0,0,0,up
0,-1,0,0,-1,0,0,-1,-1,up
0,-1,0,0,-1,0,0,-1,0,up
1,0,0,-1,-1,0,0,-1,0,left
0,0,0,0,-1,-1,0,0,-1,up
-12,-12,-12,-1,0,0,0,-1,-1,left
-12,-12,-12,-1,-1,0,0,0,-1,left
-12,-12,-12,-12,-1,-1,-12,-1,0,down
-12,-1,-1,-12,-1,-1,-12,0,0,right
-1,-1,0,-1,-1,-1,0,-1,0,down
-1,-1,-1,0,-1,-1,0,0,0,right
-1,-1,-1,-1,-1,-1,0,-1,-1,down
-1,-1,-1,-1,-1,-1,0,0,-1,left
0,-1,-1,0,-1,-1,0,-1,0,down
0,-1,-1,0,-1,-1,0,0,0,right
-1,-1,-1,-1,-1,-1,0,-1,0,down
-1,-1,-1,0,-1,0,0,-1,0,down
0,0,0,0,0,0,0,0,0,left
0,0,0,0,0,0,0,-1,0,down
0,0,0,0,-1,-1,1,0,1,right
0,0,0,-1,-1,0,0,0,0,down
-1,-1,0,0,0,-1,0,0,1,right
-1,0,0,0,-1,0,0,0,0,down
0,-1,0,0,0,-1,right
-1,0,0,0,-1,0,down
0,-1,0,right
-1,-1,up
0,-1,-1,-1,up
0,-1,0,-1,-1,-1,up
0,0,-1,-1,0,-1,left
0,0,0,-1,-1,-1,-1,0,-1,left
0,-1,0,-1,-1,-1,0,-1,0,up
0,0,0,0,-1,-1,-1,-1,-1,right
0,-1,0,-1,-1,0,-1,-1,-1,up
0,-1,0,0,-1,0,-1,-1,0,up
1,0,0,-1,-1,0,0,-1,0,left
0,0,0,0,-1,-1,0,0,-1,up
0,0,0,0,0,0,0,0,0,left
0,0,0,0,0,0,0,-1,0,down
0,0,0,0,-1,-1,1,0,1,right
0,0,0,-1,-1,0,0,0,0,down
-1,-1,0,0,0,-1,0,0,1,right
-1,0,0,0,-1,0,0,0,0,down
0,-1,0,0,0,-1,right
-1,0,0,0,-1,0,down
0,-1,0,right
-1,-1,up
0,-1,-1,-1,up
0,-1,0,-1,-1,-1,up
0,0,-1,-1,0,-1,left
0,0,0,-1,-1,-1,-1,0,-1,left
0,-1,0,-1,-1,-1,0,-1,0,up
0,0,0,0,-1,-1,-1,-1,-1,right
0,-1,0,-1,-1,0,-1,-1,-1,up
0,-1,0,0,-1,0,-1,-1,0,up
1,0,0,-1,-1,0,0,-1,0,left
0,0,0,0,-1,-1,0,0,-1,up
0,0,0,0,0,0,0,0,0,left
0,0,0,0,0,0,0,-1,0,down
0,0,0,0,-1,-1,1,0,1,right
0,0,0,-1,-1,0,0,0,0,down
-1,-1,0,0,0,-1,0,0,1,right
-1,0,0,0,-1,0,0,0,0,down
0,-1,0,0,0,-1,right
-1,0,0,0,-1,0,down
0,-1,0,right
-1,-1,up
0,-1,-1,-1,up
0,-1,0,-1,-1,-1,up
0,0,-1,-1,0,-1,left
0,0,0,-1,-1,-1,-1,0,-1,left
0,-1,0,-1,-1,-1,0,-1,0,up
0,0,0,0,-1,-1,-1,-1,-1,right
0,-1,0,-1,-1,0,-1,-1,-1,up
0,-1,0,0,-1,0,-1,-1,0,up
1,0,0,-1,-1,0,0,-1,0,left
0,0,0,0,-1,-1,0,0,-1,up
0,0,0,0,0,0,0,-1,0,down
0,-1,0,0,-1,0,0,0,0,up
0,0,0,0,-1,-1,0,-1,0,right
0,-1,0,-1,-1,0,-1,0,0,up
1,0,0,-1,-1,0,-1,-1,0,left
0,0,0,0,-1,-1,0,-1,-1,up
0,0,0,-1,0,0,0,-1,-1,left
0,-1,0,0,-1,0,0,0,-1,up
0,0,0,-1,-1,0,0,-1,0,left
0,-1,0,0,-1,-1,0,0,-1,up
1,0,0,-1,-1,0,0,-1,-1,left
0,0,0,0,-1,-1,0,0,-1,up
-12,-12,-12,-1,0,0,0,-1,-1,left
-12,-12,-12,0,-1,0,0,0,-1,left
-12,-12,-12,-12,0,-1,-12,-1,0,down
-12,0,-1,-12,-1,0,-12,-1,0,down
-12,-1,0,-12,-1,-1,-12,0,1,right
-1,0,-1,-1,-1,0,0,0,0,down
-1,-1,0,0,0,0,0,-1,0,down
0,0,0,0,-1,-1,0,0,0,right
0,-1,0,0,0,0,0,0,0,up
0,0,0,0,-1,0,0,0,0,up
0,0,0,0,0,-1,0,-1,0,right
0,0,0,-1,-1,0,-1,0,0,left
0,-1,0,0,-1,-1,0,-1,0,up
0,-1,0,0,-1,0,0,-1,-1,up
0,-1,1,0,-1,0,0,-1,0,up
-12,-12,-12,0,-1,0,0,-1,0,right
-12,-12,-12,-1,0,-1,-1,0,0,right
-12,-12,-12,0,-1,-1,0,0,0,right
-12,-12,-1,-1,0,0,right
-12,-1,0,down
-1,0,1,down
-1,0,1,down
-1,0,1,down
-1,0,1,down
-1,0,1,down
0,0,0,0,0,0,0,0,0,left
0,0,0,0,0,-1,0,0,0,right
0,0,0,-1,-1,0,0,0,0,left
0,0,0,0,-1,-1,0,-1,0,down
0,-1,-1,0,-1,-1,1,0,1,right
-1,-1,0,-1,-1,0,0,0,0,down
-1,-1,0,0,0,-1,0,0,1,right
-1,0,0,0,-1,0,0,0,0,down
0,-1,0,0,0,0,down
0,0,0,left
0,0,0,left
0,0,0,left
0,-1,0,up
0,0,0,0,-1,0,up
0,-1,-1,0,0,0,0,-1,0,up
0,-1,-1,0,-1,-1,0,0,0,up
0,-1,0,0,-1,-1,0,-1,-1,up
0,0,0,0,-1,-1,0,-1,-1,right
0,0,0,-1,-1,-1,-1,-1,-1,right
0,-1,0,-1,-1,0,-1,-1,0,up
0,0,0,0,0,0,0,0,0,left
0,0,0,-1,0,0,0,0,0,left
0,0,0,0,-1,0,0,-1,0,down
0,-1,0,0,-1,0,0,0,0,down
0,-1,0,0,0,-1,0,0,0,right
-1,0,0,0,-1,0,0,0,0,right
0,0,0,-1,0,-1,0,0,1,right
0,0,0,0,-1,0,0,0,0,down
0,-1,0,0,0,0,down
0,0,0,left
0,-1,0,up
-1,0,-1,-1,-1,0,left
0,-1,0,0,-1,-1,down
0,-1,-1,left
0,0,-1,left
0,0,0,left
0,0,0,left
-12,-1,0,up
-12,0,0,-12,-1,-1,right
0,-1,0,-1,-1,0,up
0,0,0,0,0,0,0,0,0,left
0,0,0,0,0,-1,0,0,0,right
0,0,0,0,-1,-1,0,0,0,right
0,-1,0,-1,-1,0,0,0,0,up
0,0,0,0,-1,-1,-1,-1,0,right
0,0,0,-1,-1,0,-1,-1,0,down
-1,-1,0,-1,-1,0,0,-1,0,down
-1,-1,0,-1,-1,0,0,0,0,left
-1,-1,-1,0,-2,-1,1,0,0,left
-1,-1,-1,0,-3,-1,1,0,0,left
-1,-1,-1,0,-4,-1,1,0,0,left
-1,-1,-1,0,-5,-1,1,0,0,left
-1,-1,-1,0,-6,-1,1,0,0,left
0,0,0,0,0,0,0,0,0,left
0,0,0,-1,0,0,0,0,0,left
0,0,0,0,-1,-1,0,0,0,right
0,-1,0,-1,-1,0,0,0,0,up
0,0,0,-1,-1,0,-1,-1,0,left
0,-1,0,0,-1,-1,0,-1,-1,up
0,0,0,0,-1,-1,0,-1,-1,right
0,0,0,-1,-1,-1,-1,-1,0,right
0,-1,1,-1,-1,0,-1,0,0,up
0,0,1,0,-1,0,-1,-1,0,right
0,0,0,-1,0,0,-1,0,0,up
0,0,0,0,0,0,-1,-1,0,down
0,0,0,-1,-1,-1,-1,0,0,right
0,0,0,-1,-1,-1,0,0,0,right
0,0,-1,-1,0,-1,down
-1,-1,-1,-1,0,0,left
-1,-1,-1,-1,-1,-1,0,0,0,left
-1,-1,-1,-1,-1,-1,0,-1,0,down
-1,-1,-1,-1,-1,0,0,0,0,left
-1,-1,-1,-1,-1,-1,-1,-1,0,down
0,0,0,0,0,0,0,0,0,left
0,0,0,0,0,-1,0,0,0,right
0,0,0,0,-1,0,0,-1,0,down
0,-1,0,0,-1,0,0,0,0,down
0,-1,0,0,0,-1,0,0,1,right
-1,0,0,0,-1,0,0,0,0,down
0,-1,0,-1,0,0,left
0,0,-1,0,-1,0,down
0,-1,0,left
0,0,-1,left
0,-1,0,up
0,0,0,0,-1,0,up
0,0,0,0,0,-1,0,-1,0,right
0,0,-1,0,-1,-1,-1,0,-1,right
0,-1,0,-1,-1,-1,0,-2,0,down
-1,-1,-1,0,-2,0,down
0,-2,0,right
-2,-1,0,up
-1,-1,0,-2,-1,-1,right
-1,-1,0,-1,-1,0,up

0,0,0,0,0,0,0,0,0,left
0,0,0,0,0,0,0,-1,0,down
0,0,0,0,-1,-1,1,0,1,right
0,0,0,-1,-1,0,0,0,0,down
-1,-1,0,0,0,-1,0,0,1,right
-1,0,0,0,-1,0,0,0,0,down
0,-1,0,-1,0,0,left
0,0,-1,0,-1,0,down
0,-1,0,left
0,0,-1,left
0,-1,0,up
0,0,0,0,-1,0,up
0,0,-1,-1,0,0,0,-1,0,left
0,0,0,0,-1,-1,0,0,-1,right
0,0,-1,-1,-1,-1,0,-1,0,right
0,-1,-1,-1,-1,-1,-1,0,-1,right
-1,-1,0,-1,-1,-2,0,-1,0,right
-1,0,0,-1,-2,-1,-1,0,0,right
0,0,0,-2,-1,0,0,-1,0,down
-2,-1,0,-1,-1,0,left
0,0,0,0,0,0,0,0,0,left
0,0,0,0,0,0,0,-1,0,down
0,0,0,0,-1,-1,1,0,1,right
0,0,0,-1,-1,0,0,0,0,down
-1,-1,0,0,0,-1,0,0,1,right
-1,0,0,0,-1,0,0,0,0,down
0,-1,0,-1,0,0,left
0,0,-1,0,-1,0,down
0,-1,0,right
-1,-1,0,up
0,-1,0,-1,-1,-1,right
-1,-1,0,-1,-1,0,up
0,0,0,-1,-1,-1,-1,-1,0,right
0,0,-1,-1,-1,-1,down
-1,-1,-1,-1,right
-1,-1,down
-1,left
-1,-1,left
-1,-2,-1,up
-1,-1,-1,-2,-2,-1,left
0,0,0,0,0,0,0,0,0,left
0,-1,0,0,0,0,0,0,0,up
0,-1,0,0,-1,0,0,0,0,up
0,0,0,0,-1,-1,0,-1,0,right
0,-1,1,-1,-1,0,-1,0,0,up
0,0,1,0,-1,0,-1,-1,0,right
0,0,0,-1,0,0,-1,0,0,up
0,0,0,0,0,-1,-1,0,0,right
0,0,0,-1,-1,0,0,0,0,left
0,0,0,-1,-1,-1,-1,0,0,left
0,0,0,-1,-1,-1,0,-1,0,left
0,0,0,-1,-1,-1,0,0,-1,left
1,0,0,-1,-1,-1,0,0,0,left
0,0,0,0,-1,-1,0,0,0,up
-12,-12,-12,0,0,-1,0,-1,-1,right
-12,-12,-12,0,-1,-1,-1,-1,-1,right
-12,-12,-12,-1,-1,-1,-1,-1,-1,right
-12,-12,-12,-1,-1,-1,-1,-1,-1,right
-12,-12,-12,-1,-1,-1,-1,-1,-1,right
-12,-12,-12,-1,-1,-1,-1,-1,0,right
0,0,0,0,0,0,0,0,0,left
0,-1,0,0,0,0,0,0,0,up
0,0,0,-1,-1,0,0,0,0,left
0,0,0,-1,-1,-1,0,0,0,left
0,0,0,0,-1,-1,0,-1,0,down
0,-1,-1,0,-1,0,0,-1,0,down
0,-1,0,0,-1,-1,0,0,1,right
-1,0,0,-1,-1,0,0,0,0,down
-1,-1,0,0,0,0,0,-1,0,down
0,0,0,0,-1,0,down
0,-1,0,right
-1,0,0,right
0,-1,1,up
0,1,0,0,-1,0,right
1,-1,0,-1,0,0,up
0,0,0,0,-1,0,-1,0,0,left
0,-1,0,0,0,-1,0,-1,0,up
0,0,0,-1,-1,0,0,0,-1,left
0,-1,0,-1,-1,-1,0,0,0,up
-1,-1,0,-1,-1,0,-1,-1,-1,left
0,0,0,0,0,0,0,0,0,left
0,0,0,0,0,-1,0,0,0,right
0,0,0,0,-1,-1,0,0,0,right
0,0,0,-1,-1,-1,0,0,0,right
0,0,0,-1,-1,-1,0,0,0,right
0,-1,-1,-1,0,0,up
0,-1,0,-1,-1,-1,up
0,0,-1,-1,0,-1,left
1,0,0,-1,-1,-1,0,0,-1,left
0,0,0,0,-1,-1,0,0,0,up
0,0,0,0,0,0,0,-1,-1,up
0,0,0,0,0,-1,0,0,0,right
0,-1,0,0,-1,0,0,0,0,up
-12,-12,-12,0,-1,-1,0,-1,0,right
-12,-12,-1,-1,-1,0,right
-12,-1,0,down
-1,0,0,down
0,0,-1,down
0,-1,-1,down
-1,-1,-1,down
0,0,0,0,0,0,0,0,0,left
0,0,0,0,0,0,0,-1,0,down
0,0,0,0,-1,-1,1,0,1,right
0,0,0,-1,-1,0,0,0,0,down
-1,-1,0,0,0,-1,0,0,1,right
-1,0,0,0,-1,0,0,0,0,down
0,-1,0,0,0,-1,right
-1,0,0,0,-1,0,down
0,-1,0,right
-1,-1,up
0,-1,-1,-1,up
0,-1,0,-1,-1,-1,up
0,0,-1,-1,0,-1,left
0,0,0,-1,-1,-1,-1,0,-1,left
0,-1,0,-1,-1,-1,0,-1,0,up
0,0,0,0,-1,-1,-1,-1,-1,right
0,-1,0,-1,-1,0,-1,-1,-1,up
0,-1,0,0,-1,0,-1,-1,0,up
1,0,0,-1,-1,0,0,-1,0,left
0,0,0,0,-1,-1,0,0,-1,up
0,0,0,0,0,0,0,0,0,left
0,0,0,0,0,0,0,-1,0,down
0,0,0,0,-1,-1,1,0,1,right
0,0,0,-1,-1,0,0,0,0,down
-1,-1,0,0,0,-1,0,0,1,right
-1,0,0,0,-1,0,0,0,0,down
0,-1,0,0,0,-1,right
-1,0,0,0,-1,0,down
0,-1,0,right
-1,-1,up
0,-1,-1,-1,up
0,-1,0,-1,-1,-1,up
0,0,-1,-1,0,-1,left
0,0,0,-1,-1,-1,-1,0,-1,left
0,-1,0,-1,-1,-1,0,-1,0,up
0,0,0,0,-1,-1,-1,-1,-1,right
0,-1,0,-1,-1,0,-1,-1,-1,up
0,-1,0,0,-1,0,-1,-1,0,up
1,0,0,-1,-1,0,0,-1,0,left
0,0,0,0,-1,-1,0,0,-1,up
0,0,0,0,0,0,0,0,0,left
0,0,0,0,0,0,0,-1,0,down
0,0,0,0,-1,-1,1,0,1,right
0,0,0,-1,-1,0,0,0,0,down
-1,-1,0,0,0,-1,0,0,1,right
-1,0,0,0,-1,0,0,0,0,down
0,-1,0,0,0,-1,right
-1,0,0,0,-1,0,down
0,-1,0,right
-1,-1,up
0,-1,-1,-1,up
0,-1,0,-1,-1,-1,up
0,0,-1,-1,0,-1,left
0,0,0,-1,-1,-1,-1,0,-1,left
0,-1,0,-1,-1,-1,0,-1,0,up
0,0,0,0,-1,-1,-1,-1,-1,right
0,-1,0,-1,-1,0,-1,-1,-1,up
0,-1,0,0,-1,0,-1,-1,0,up
1,0,0,-1,-1,0,0,-1,0,left
0,0,0,0,-1,-1,0,0,-1,up
0,0,0,-1,0,0,0,0,0,left
0,-1,0,0,-1,0,0,0,0,up
0,-1,1,0,-1,0,0,-1,0,up
0,0,0,0,-1,0,0,-1,0,right
0,0,0,-1,0,0,-1,-1,0,down
-1,0,0,-1,-1,-1,-1,0,0,right
0,-1,0,-1,-1,0,0,0,0,up
0,0,0,-1,-1,0,-1,-1,0,left
0,-1,0,-1,-1,-1,-1,-1,-1,up
0,0,0,-1,-1,0,-1,-1,-1,left
0,-1,0,0,-1,-1,0,-1,-1,up
0,0,0,-1,-1,0,0,-1,-1,left
1,0,0,-1,-1,-1,0,0,-1,left
0,0,0,0,-1,-1,0,0,0,up
-12,-12,-12,0,0,-1,0,-1,-1,right
-12,-12,-12,-1,-1,0,-1,-1,-1,left
-12,-12,-12,-1,-1,-1,0,-1,-1,left
-12,-12,-12,0,-1,-1,0,0,-1,left
-12,-12,-12,-12,0,-1,-12,-1,0,down
-12,0,-1,-12,-1,0,-12,-1,0,down
0,0,0,0,0,-1,0,0,0,right
0,0,0,0,-1,-1,0,0,0,right
0,-1,0,-1,-1,0,0,0,0,up
0,0,0,-1,-1,0,-1,-1,0,left
1,0,0,-1,-1,-1,0,-1,-1,left
0,0,0,0,-1,-1,0,0,-1,up
0,-1,0,0,0,0,0,-1,-1,up
0,0,0,0,-1,0,0,-1,0,down
0,-1,0,0,-1,-1,0,-1,-1,right
-1,-1,0,-1,-1,0,-1,-1,-1,up
0,-1,0,-1,-1,0,-1,-1,0,up
0,0,0,0,-1,0,-1,-1,0,up
-12,-12,-12,-1,0,0,0,-1,0,left
-12,-12,-12,-1,-1,0,0,0,-1,left
-12,-12,-12,0,-1,-1,0,-1,0,down
0,-1,-1,-1,-1,0,0,0,-1,left
1,0,-1,-1,-1,-1,0,0,0,left
0,0,0,0,-1,-1,0,0,0,up
-12,-12,-12,-1,0,0,0,-1,-1,left
-12,-12,-12,0,-1,0,0,0,-1,left
0,0,0,0,0,0,0,0,0,left
0,0,0,0,0,0,0,-1,0,down
0,0,0,0,-1,-1,1,0,1,right
0,0,0,-1,-1,0,0,0,0,down
-1,-1,0,0,0,-1,0,0,1,right
-1,0,0,0,-1,0,0,0,0,down
0,-1,0,0,0,0,down
0,0,0,left
0,-1,0,up
0,-1,-1,0,-1,0,up
-1,-1,0,-1,-1,-1,0,-1,0,left
0,-1,-1,0,-1,-1,0,0,-1,left
0,0,-1,0,0,-1,0,-1,0,down
0,0,-1,0,-1,0,down
0,-1,0,left
0,0,-1,right
0,-1,0,right
-1,-1,-1,up
0,-2,-1,-1,-1,-1,up
0,-1,-1,-1,-2,-1,-1,-1,-1,left
0,0,0,0,0,0,0,0,0,left
0,0,0,0,0,0,0,-1,0,down
0,0,0,0,-1,-1,1,0,1,right
0,0,0,-1,-1,0,0,0,0,down
-1,-1,0,0,0,-1,0,0,1,right
-1,0,0,0,-1,0,0,0,0,down
0,-1,0,0,0,0,down
0,0,0,left
0,0,0,left
0,0,0,left
0,-1,0,up
0,0,0,0,-1,0,up
0,0,-1,0,0,-1,0,-1,0,right
0,-1,-1,0,-1,-1,-1,0,0,right
-1,-1,0,-1,-1,-1,0,-1,0,down
-1,-1,-1,0,-1,-1,right
-1,-1,0,-1,-1,-1,right
-1,-1,0,-1,-1,0,up
0,-1,0,-1,-1,0,-1,-1,0,up
0,0,0,0,-1,-1,-1,-1,0,right
0,0,0,0,0,0,0,0,0,left
0,0,0,-1,0,0,0,0,0,left
0,0,0,-1,-1,0,0,0,0,left
0,-1,0,0,-1,-1,0,0,0,up
0,0,0,0,-1,-1,0,-1,-1,right
0,0,0,-1,-1,-1,-1,-1,0,right
0,0,0,-1,-1,-1,-1,0,0,right
0,0,0,-1,-1,-1,0,0,0,right
0,0,0,-1,-1,0,0,-1,0,down
-1,-1,0,0,-1,-1,0,0,0,right
-1,-1,0,-1,-1,0,0,0,0,up
0,-1,0,-1,-1,0,-1,-1,0,up
1,0,0,-1,-1,0,-1,-1,0,left
0,0,0,0,-1,-1,-1,-1,-1,up
0,0,0,0,0,0,0,-1,-1,up
0,0,0,0,0,0,0,-1,0,down
0,-1,0,0,-1,0,0,-1,-1,up
0,0,0,0,-1,-1,0,-1,0,right
0,-1,0,-1,-1,0,-1,0,0,up
-12,-12,-12,-1,-1,0,-1,-1,0,left
0,0,0,0,0,0,0,0,0,left
0,0,0,0,0,-1,0,0,0,right
0,0,0,0,-1,0,0,-1,0,down
0,-1,0,0,-1,0,0,0,0,down
0,-1,0,0,0,-1,0,0,1,right
-1,0,0,0,-1,0,0,0,0,down
0,-1,0,0,0,-1,right
-1,0,0,0,-1,-1,right
0,0,-1,-1,down
-1,-1,left
0,-1,-1,left
0,0,-1,left
0,-1,0,up
0,0,-1,0,-1,-1,right
0,-2,0,-1,-1,-1,up
-1,0,0,-1,-2,0,-1,-1,-1,left
0,-1,0,-1,-1,-2,0,-1,-1,left
0,0,-1,0,-1,-1,0,0,-1,left
0,-1,0,0,0,-1,0,0,0,up
0,0,0,0,-1,0,0,-1,-1,down
0,0,0,0,0,0,0,0,0,left
0,-1,0,0,0,0,0,0,0,up
0,0,0,0,-1,0,0,-1,0,down
0,-1,0,-1,-1,0,0,0,0,left
0,0,-1,0,-1,-1,0,-1,0,down
0,-1,-1,0,-1,0,0,0,0,down
0,-1,0,0,0,-1,0,0,0,right
-1,0,0,0,-1,0,0,0,0,right
0,0,0,-1,0,-1,0,0,1,right
0,0,0,0,-1,0,0,0,0,down
0,-1,0,0,0,-1,right
-1,0,0,0,-1,-1,right
0,0,-1,-1,down
-1,-1,right
-1,up
0,-1,up
0,-1,-1,left
0,0,-1,-1,-1,-1,left
0,-1,0,-1,-1,-1,0,-1,-1,up
0,0,0,0,-1,-1,-1,-1,-1,right

0,0,0,0,0,0,0,0,0,left
0,0,0,0,0,0,0,-1,0,down
0,0,0,0,-1,-1,1,0,1,right
0,0,0,-1,-1,0,0,0,0,down
-1,-1,0,0,0,-1,0,0,1,right
-1,0,0,0,-1,0,0,0,0,down
0,-1,0,0,0,0,down
0,0,0,left
0,0,0,left
0,0,0,left
0,-1,0,up
0,0,0,0,-1,0,up
0,-1,-1,0,0,0,0,-1,0,up
0,-1,0,0,-1,-1,0,0,0,up
0,0,0,0,-1,-1,0,-1,-1,right
0,-1,0,-1,-1,0,-1,-1,-1,up
0,0,0,0,-1,-1,-1,-1,0,right
0,0,0,-1,-1,-1,-1,0,0,right
0,0,0,-1,-1,-1,0,0,0,right
0,-1,0,-1,-1,0,0,0,0,up
0,0,0,0,0,0,0,0,0,left
0,0,0,0,0,-1,0,0,0,right
0,0,0,0,-1,0,0,-1,0,down
0,-1,0,0,-1,0,0,0,0,down
0,-1,0,0,0,-1,0,0,1,right
-1,0,0,0,-1,0,0,0,0,down
0,-1,0,-1,0,0,left
0,0,-1,0,-1,0,down
0,-1,0,left
0,0,-1,left
0,-1,0,up
0,0,0,0,-1,0,up
0,0,0,-1,0,0,0,-1,0,left
0,-1,0,0,-1,0,0,0,-1,up
0,0,0,-1,-1,0,0,-1,0,left
0,-1,0,0,-1,-1,0,0,-1,up
0,0,0,0,-1,-1,0,-1,-1,right
0,0,0,-1,-1,-1,-1,-1,0,right
0,-1,0,-1,-1,0,-1,0,0,up
0,0,0,-1,-1,0,-1,-1,0,left
0,0,0,0,0,0,0,0,0,left
0,-1,0,0,0,0,0,0,0,up
0,0,0,0,-1,-1,0,0,0,right
0,0,0,-1,-1,0,0,-1,0,down
-1,-1,0,0,-1,0,0,-1,0,down
0,-1,0,0,-1,0,0,0,0,down
0,-1,0,0,0,-1,0,0,1,right
-1,0,0,0,-1,0,0,0,0,down
0,-1,0,-1,0,0,left
0,0,-1,0,-1,0,down
0,-1,0,left
0,0,-1,left
0,0,0,left
0,-1,0,up
0,-1,1,0,-1,0,up
0,0,0,0,-1,0,0,-1,0,right
0,0,0,-1,0,0,-1,-1,0,down
-1,0,0,-1,-1,-1,right
0,-1,0,-1,-1,-1,up
0,-1,-1,0,-1,0,-1,-1,-1,up
0,0,0,0,0,0,0,0,0,left
0,0,0,0,0,-1,0,0,0,right
0,0,0,-1,-1,0,0,0,0,left
0,-1,0,0,-1,-1,0,0,0,up
0,0,0,-1,-1,0,0,-1,-1,left
0,0,0,-1,-1,-1,0,0,-1,left
0,0,0,-1,-1,-1,0,0,0,left
0,0,0,0,-1,-1,0,-1,0,down
0,-1,-1,0,-1,0,0,-1,0,down
0,-1,0,0,-1,0,0,-1,0,down
0,-1,0,0,-1,-1,0,0,0,right
-1,0,0,-1,-1,0,0,0,0,right
0,0,0,-1,0,0,0,-1,0,down
-1,0,0,0,-1,0,down
0,-1,0,left
0,-1,-1,up
-1,-1,0,-1,-1,-1,left
0,-1,-1,0,-1,-1,down
0,-1,-1,left
-12,-1,-1,up
0,0,0,0,0,0,0,0,0,left
0,0,0,0,0,-1,0,0,0,right
0,0,0,0,-1,0,0,-1,0,down
0,-1,0,0,-1,0,0,0,0,down
0,-1,0,0,0,-1,0,0,1,right
-1,0,0,0,-1,0,0,0,0,down
0,-1,0,0,0,-1,right
-1,-1,0,0,-1,0,up
0,0,0,-1,-1,-1,0,-1,0,right
0,0,-1,-1,-1,-1,down
-1,-1,-1,-1,right
-1,-1,down
-1,left
-1,-1,left
0,-1,-1,left
0,0,-1,left
0,0,0,left
0,0,0,left
0,-1,0,up
0,0,0,0,-1,0,up
0,0,0,0,0,0,0,0,0,left
0,0,0,0,0,0,0,-1,0,down
0,0,0,0,-1,-1,1,0,1,right
0,0,0,-1,-1,0,0,0,0,down
-1,-1,0,0,0,-1,0,0,1,right
-1,0,0,0,-1,0,0,0,0,down
0,-1,0,0,0,-1,right
-1,0,0,0,-1,0,down
0,-1,0,right
-1,-1,up
0,-1,-1,-1,up
0,-1,0,-1,-1,-1,up
0,0,-1,-1,0,-1,left
0,0,0,-1,-1,-1,-1,0,-1,left
0,-1,0,-1,-1,-1,0,-1,0,up
0,0,0,0,-1,-1,-1,-1,-1,right
0,-1,0,-1,-1,0,-1,-1,-1,up
0,-1,0,0,-1,0,-1,-1,0,up
1,0,0,-1,-1,0,0,-1,0,left
0,0,0,0,-1,-1,0,0,-1,up
0,0,0,0,0,0,0,0,0,left
0,0,0,0,0,0,0,-1,0,down
0,0,0,0,-1,-1,1,0,1,right
0,0,0,-1,-1,0,0,0,0,down
-1,-1,0,0,0,-1,0,0,1,right
-1,0,0,0,-1,0,0,0,0,down
0,-1,0,0,0,-1,right
-1,0,0,0,-1,0,down
0,-1,0,right
-1,-1,up
0,-1,-1,-1,up
0,-1,0,-1,-1,-1,up
0,0,-1,-1,0,-1,left
0,0,0,-1,-1,-1,-1,0,-1,left
0,-1,0,-1,-1,-1,0,-1,0,up
0,0,0,0,-1,-1,-1,-1,-1,right
0,-1,0,-1,-1,0,-1,-1,-1,up
0,-1,0,0,-1,0,-1,-1,0,up
1,0,0,-1,-1,0,0,-1,0,left
0,0,0,0,-1,-1,0,0,-1,up
0,0,0,0,0,0,0,0,0,left
0,0,0,0,0,0,0,-1,0,down
0,0,0,0,-1,-1,1,0,1,right
0,0,0,-1,-1,0,0,0,0,down
-1,-1,0,0,0,-1,0,0,1,right
-1,0,0,0,-1,0,0,0,0,down
0,-1,0,0,0,-1,right
-1,0,0,0,-1,0,down
0,-1,0,right
-1,-1,up
0,-1,-1,-1,up
0,-1,0,-1,-1,-1,up
0,0,-1,-1,0,-1,left
0,0,0,-1,-1,-1,-1,0,-1,left
0,-1,0,-1,-1,-1,0,-1,0,up
0,0,0,0,-1,-1,-1,-1,-1,right
0,-1,0,-1,-1,0,-1,-1,-1,up
0,-1,0,0,-1,0,-1,-1,0,up
1,0,0,-1,-1,0,0,-1,0,left
0,0,0,0,-1,-1,0,0,-1,up
0,0,0,0,0,0,0,-1,0,down
0,-1,0,0,-1,0,0,0,0,up
0,-1,0,0,-1,0,0,-1,0,up
0,0,0,0,-1,0,0,-1,0,up
0,-1,0,0,0,0,0,-1,0,up
0,0,0,0,-1,-1,0,0,0,right
0,0,0,-1,-1,0,0,-1,0,down
-1,-1,0,-1,-1,0,-1,0,0,left
0,-1,-1,-1,-1,-1,0,-1,0,left
0,0,-1,-1,-1,-1,0,0,-1,left
0,0,0,0,-1,-1,0,-1,0,down
0,-1,-1,-1,-1,0,0,0,0,left
1,0,-1,-1,-1,-1,0,0,0,left
0,0,0,0,-1,-1,0,0,0,up
0,-1,0,0,0,0,0,-1,-1,up
0,0,0,0,-1,0,0,-1,0,down
0,-1,0,0,-1,-1,0,-1,-1,right
-1,-1,0,-1,-1,-1,-1,-1,-1,up
0,0,0,-1,-1,-1,-1,-1,-1,right
0,0,0,-1,-1,-1,-1,-1,-1,right
0,0,0,0,0,-1,0,0,0,right
0,0,0,0,-1,-1,0,0,0,right
0,0,0,-1,-1,-1,0,0,0,right
0,0,-1,-1,0,-1,down
-1,-1,0,-2,1,0,down
-1,-1,0,-3,1,0,down
-1,-1,0,-4,1,0,down
-1,-1,0,-5,1,0,down
-1,-1,0,-6,1,0,down
0,0,0,0,0,0,0,0,0,left
0,-1,0,0,0,0,0,0,0,up
0,0,0,-1,-1,0,0,0,0,left
0,0,0,0,-1,-1,0,-1,0,down
0,-1,-1,-1,-1,0,0,0,0,left
0,0,-1,0,-1,-1,0,-1,0,down
0,-1,-1,0,-1,-1,0,0,1,right
-1,-1,0,-1,-1,0,0,0,0,down
-1,-1,0,0,0,0,0,-1,0,down
0,0,0,0,-1,0,down
0,-1,0,right
-1,0,0,right
0,-1,1,up
0,1,0,0,-1,0,right
1,-1,0,-1,0,0,up
0,0,0,0,-1,0,-1,0,0,left
0,-1,0,0,0,-1,0,-1,0,up
0,0,0,0,-1,0,0,-1,-1,down
0,-1,0,-1,-1,-1,0,-1,0,left
-1,-1,-1,0,-1,-1,-1,0,-1,up
0,0,0,0,0,0,0,0,0,left
0,0,0,0,0,0,0,-1,0,down
0,0,0,0,-1,-1,1,0,1,right
0,0,0,-1,-1,0,0,0,0,down
-1,-1,0,0,0,-1,0,0,1,right
-1,0,0,0,-1,0,0,0,0,down
0,-1,0,-1,0,0,left
0,0,-1,0,-1,0,down
0,-1,0,left
0,0,-1,left
0,0,0,left
0,0,0,right
0,-1,0,up
0,0,0,0,-1,0,up
0,-1,-1,0,0,0,0,-1,0,up
0,-1,0,0,-1,-1,0,0,0,up
0,0,0,0,-1,-1,0,-1,-1,right
0,0,0,-1,-1,-1,-1,-1,-1,right
0,0,0,-1,-1,-1,-1,-1,0,right
0,0,0,-1,-1,-1,-1,0,0,right
0,0,0,0,0,0,0,0,0,left
0,0,0,0,0,0,0,-1,0,down
0,0,0,0,-1,-1,1,0,1,right
0,0,0,-1,-1,0,0,0,0,down
-1,-1,0,0,0,-1,0,0,1,right
-1,0,0,0,-1,0,0,0,0,down
0,-1,0,-1,0,0,left
0,0,-1,0,-1,0,down
0,-1,0,left
0,0,-1,left
0,-1,0,up
0,0,0,0,-1,0,up
0,0,-1,0,0,-1,0,-1,0,right
0,-1,-1,-1,-1,0,-1,0,-1,left
0,0,-1,-1,-1,-1,0,-1,0,left
0,0,0,0,-1,-1,0,-1,-1,down
0,-1,-1,-1,-1,-1,left
0,0,-1,-1,-1,-1,left
-12,0,0,-12,-1,-1,down
-12,-1,-1,right
0,0,0,0,0,0,0,0,0,left
0,0,0,0,0,0,0,-1,0,down
0,0,0,0,-1,-1,1,0,1,right
0,0,0,-1,-1,0,0,0,0,down
-1,-1,0,0,0,-1,0,0,1,right
-1,0,0,0,-1,0,0,0,0,down
0,-1,0,0,0,0,down
0,0,0,left
0,-1,0,up
0,0,-1,0,-1,0,down
0,-1,0,left
0,0,-1,left
0,-1,0,up
0,0,0,0,-1,0,up
0,0,-1,-1,0,0,0,-1,0,left
0,0,0,-1,-1,0,0,0,-1,left
0,0,0,-1,-1,-1,0,0,0,left
-12,0,0,-12,-1,-1,-12,-1,0,down
-12,-1,-1,-12,-1,-1,right
-1,-1,-1,-1,-1,0,down
0,0,0,0,0,0,0,0,0,left
0,0,0,0,0,0,0,-1,0,down
0,0,0,0,-1,-1,1,0,1,right
0,0,0,-1,-1,0,0,0,0,down
-1,-1,0,0,0,-1,0,0,1,right
-1,0,0,0,-1,0,0,0,0,down
0,-1,0,-1,0,0,left
0,0,-1,0,-1,0,down
0,-1,0,left
0,0,-1,left
0,0,0,left
0,0,0,right
0,-1,0,up
0,0,0,0,-1,0,up
0,0,-1,0,0,-1,0,-1,0,right
0,-1,-1,-1,-1,0,-1,0,-1,left
0,0,-1,-1,-1,-1,0,-1,0,left
0,-1,0,0,-1,-1,0,0,-1,up
0,0,0,-1,-1,0,0,-1,-1,left
0,-1,0,0,-1,-1,0,0,-1,up

